2 3 5 4 6 7 18
1 6 3
1 7 2 5 6
5 13 1
1 4 6
2 5
3 5 24 1 6
28 7 23 27 29 36 3 22 24 35 37 94 5 17 26 42 83 93 95 104
12 57 11 13 53 56 63 4 62 64 17 144 10 16 18
11 15 61 14 16 55 60 62 70 56 69 71 12 21 151 9 17
10 12 16 62 9 15 17 56 61 63 71 55 57 70 72
9 11
4 12
15 20 69 10 21 60 70
10 14 16 21 70 11
11 15 17 22 71 10 12
12 16
5 13 17
6 18
14 21 80 15 26 69 81
15 20 22 26 81 14 16 27 70 80 82 92 69 71 91 93 10 23 34 169 11
16 21 23 27 82 15
17 22 24 28 83 7 8 16
7 18 23 29 84 5 17
31 87 30 32 75 86 88 97 76 96 98 38 174 33 39 65 89 106 164 173 175
21 27 34 92 20 22 35 81 91 93 102
22 26 28 35 93 8 21 23 34 36 82 92 94 103 81 83 102 104
8 23 27 29 36 94 22 24 35 37 83 93 95 104
24 28 37 95
31 96 25 38
25 30 32 38 97 39 87 96 98 106 86 88 107 33 43 183 40 44 75 99 114 174 184
31 33 39 98 25 38 40 88 97 99 107 87 89 106 108 30 44 184 43 45 76 96 100 115 175 183 185 193
32 40 99 39 89 98 100 108 88 90 107
26 35 102 27 41 92 101 103 110 91 93 111 21 36 188 20 22 28 42 46 81 104 179
27 34 36 41 103 26 28 42 93 102 104
28 35 37 42
29 36 105 28 42 95 104
31 39 43 106 30 32 44 97 107 114 96 98 115 25 40 49 192 33 45 87 108 122 183 193 201
32 38 40 44 107 31 33 43 45 98 106 108 115 97 99 114 116
33 39 45 108 32 44 99 107 109
35 42 46
36 41
38 44 49
39 43 45
40 44
41 47 118 42 50 111 119 110
42 46 48 50 119 41 51 112 118
47 51
43 122 44 114 123 128
47 51 126 46 48 119 127 118
48 50
131 217 218 220 132 133
57 137 9 56 136 144 143 145 63 233 12 55 62 64 135 153 225 232 242 11
59 139 58
56 61 142 10 60 62 135 141 143 151
55 57 62 143 9 11 53 61 63 136 142 144 152 10 12
9 53 56 63 144
59 65 146 54
54 58 66 147
61 69 150 10 14 55 70 141 151
10 55 60 62 70 151 11 15 56 69 71 142 150 152
11 56 61 63 71 152 10 12 16 55 57 70 72 143 151 153 161
12 57 62 64 72 153 9 11 13
13 63 73 154 12
58 66 75 155 59 76 146 156 164
59 65 67 76 156 58
66 68 77 157 59 76 78 148 156 158 166 147
67 78 158 77 79 149 157
14 60 70 80
15 61 69 71 81 160 10 14 16 21 60 62 80 82 151 159 161 169 11 20 22
16 62 70 72 82 161 11 15
17 63 71 73 83 162 12 16
18 64 72 74 84 163 13 17 19
19 73 85
65 76 87 164 25 66 86 88 155 165 174 156 173 175 58 77 97 265 31 59 67 89 96 98 146 166 183 256 266
66 75 77 88 165 65
67 76 78 89 166 66 68 88 90 157 165 167 176 156
68 77 79 90 167 67 89 158 166 177 157
78 68 90 167 158 177 77 67 89 100 166 268 149 157 176 186 259
20 69 81 91
21 70 80 82 92 169 15 20 22 26
22 71 81 83 93 170 16 21 23 27 70 72 92 94 161 169 171
23 72 82 84 94 171
24 73 83 85 95 172 18 23
74 84 19 24
87 96 173 25 30 75 97 174 31 164 183 88 65 76 98 106 175
25 75 86 88 97 174 31 76 96 98 164 173 175
76 87 89 98 175 25 32 75 77 97 99 165 174 176
77 88 90 99 176 33 76 78 98 100 166 175 177
78 89 100
80 92 101
26 81 91 93 102
27 82 92 94 103 180 22 26 28 35 81 83 102
28 83 93 95 104
29 84 94 105 182
30 86 97 31 87 106 173
31 87 96 98 106 183 25 30 32 38 86 88
32 88 97 99 107
33 89 98 100 108
90 99 109
91 102
34 92 101 103 110
35 93 102 104 111
36 94 103
37 95 104
38 97 107 114
39 98 106 108
40 99 107 109 116
100 108 117
102 111
41 103 110 112
42 104 111 113 119
105 112
43 106 115 122
44 107 114 116 123
45 108 115 117 124
109 116 125
46 111
47 112
48 113 119
120 48 113 127 51
49 114 123 128
115 122
116 123 125
117 124 210 116 204
50 119
51 120 126
122 49 123 207 211 208
130 213 214 312 311 318 216
129 214 213 216 318 312
52 217 218 220
134 222 133 221 228 218 227 229 139
134 138 227 132 139 221 226 228 235 54 220 222 234 236 146 340 58 131 140 147 218 229 245 333 339 341
132 133 139
136 142 231 55 141 143 223 230 232 240 56 224 239
135 137 143 232 53 56 142 144 224 231 233
53 136 144 233 57 143 145 225 232 242 56 224 241 243 135 153 348 9 63 142 152 154
133 139 146 235 54 58 134 147
54 134 138 140 147
139 148 237 54 134 147 149 229 236 238
142 150 239 55 60 135 151 230 240
55 135 141 143 151
56 136 142 144 152 241 55 57 62 135 137 151 153 232 240 242 252 53 61 63 231 233
57 137 143 145 153 242 53 56
144 154 243 57
58 138
59 139 146 148 156
140 147 149 157
148 158 248 68 140 157 238 247 249
60 141 151 159
61 142 150 152 160
62 143 151 153 161 252 56 61 63 71
63 144 152 154 162 253
64 145 153 163
65 146 156 164
66 147
67 148 156 158 166
68 149 157 167
69 150 160 168
70 151 159 161 169
71 152 160 162 170 262 62 70 72 82
72 153 161 163 171
73 154 162 172 264 64 72 74
75 155 165 174 265
76 156 164 166 175
77 157 165 167 176
78 158 166
80 159 169
81 160 168 170 179
82 161 169 171 180
83 162 170 172 181
84 163 171
86 174 87 96 164 183
87 164 173 175 183
88 165 174 176 184
89 166 175 177 185
90 167 176
91 168 179 187
92 169 178 180
93 170 179 181 189
94 171 180
95 172
97 174 184 192
98 175
99 176 184 186 194
100 177 185
101 178
102 179 187 189
103 180
104 181 189 191 199
105 182 190 200
106 183 193 201
107 184 192 194 202
108 185 193
109 186 194 196 204
195 109 186 204
110 188
111 189 197 199 205 103 110 112 118
112 190 198
113 191
114 192
115 193 201 203 208
116 194 202 204
117 195 203 210
118 198
119 199 205 112 118 120 126 198
122 201 208 114 123 128
123 202 207
124 203 208
125 204 209 117 124 203 298 300
208 123 128 207 209 299 122 124 300 202 115 201
306 302 412 419 411 413 213 418 129 312 426 554 565 553 555 406
129 214 312 130 311 318 317 433 216 325 426 432 440 316 324 425
130 213 318 129 216 312 317 325 311 324 440 215 316 433 439 449 323 432 448 426 438 425 431
216 323 219 316 322 324 315 317
215 324 214 317 323 325 130 316
131 218 220 326 221 319 327 332 320
217 221
223 331 215 224 322 330 337 323 336 338 231
217 221 226 332 131 218 227 326 333 339 133 327 340 222 234 458 52 132 228 235 319 334 350 450 459 469 134 138 320 328 341 351 451 470 236 441 460
218 220
132 221 228
219 224 231
223 225 232 338 136 219 231 233 337 347 135 137 331 346 348 215 241 466 143 216 230 240 242 323 336 359
224 233 137 232 338 348 136 347 349 216 223 242 467 53 144 215 219 231 241 243 324 337 360 466 468
220 227 234 339 133 221 235 332 340 350 138
133 221 226 228
134 222 227 229 236
228 237 342 134 140 222 236 238 335 341 343
231 239
135 223 230 232 240
136 224 231 233 241
137 225 232 242 348 136 144 224 241 243 347 349 360 143 145 338 359 361 53 231 253
226 235 244 350 138 227 245 339 351 362 133 146 340 363 220 236 255 481 139 221 228 246 256 332 352 373 469
138 227 234 236
139 228 235 237 246 352 134
140 229 236 238 247
237 248 354 140 149 229 247 249 343 353 355 366 148 342
141 230 240
142 231 239 241 251
143 232 240 242 252
144 233 241 243 253 360 137 143 145 153 232 252 254 348 359 361
145 242 254
234 245 255 362 146 235
146 235 244 246
147 236 245 247 257
148 237 246
149 238 247 249 259 366 148 158 237 258 354
248 149 238 259 355 366 158 354 377 247 148 237 258 268
150 239 251
151 240 250 252 261
152 241 251 253 262
153 242 252 254 263
154 243 253 264
244 256
155 245 255 257 265
156 246 256 258
157 247 257
158 248
159 250
160 251
161 252 261 263 271
162 253 262 264
163 254 263 273
164 256
165 257 265 267 275
166 258 266 268 276
167 259
168 260
169 261
170 262 270 272
171 263 271 273 281
172 264 272 282
174 265
175 266 274
176 267
177 268 276 286 167
178 269 279
179 270
180 271
181 272 280 282 290
182 273
183 274 284
184 275 283 285
185 276 284 286 294 396
186 277 285 295 397
187 278 288 398 178 188
188 279 287
189 280
190 281
191 282 290 182 190 200 281 181 199
192 283 293 183 193 201 284 296
193 284 292 294 296
194 285 293
195 286
202 293 297 299 403 193 201 203 208 292
203 294 296 298
204 295
208 296 300 202 207 209 211 297 403 201
209 297 299 203
407 303 405 408 414 546 304 409 537 547 556 415 536 538
413 306 412 212 406 555 411 544 554 419 543 545 532 553 531 533 542 565 717 703
304 414 301 307 408 415 407 409 420 305 557 308 416 547 556 558 566 405 410 421 546 548 567
303 305 307 415 308 409 414 416 420 408 410 421 558 301 309 417 548 557 559
304 308
212 302 412 419 411 413 418 554 565 426 553 555 312 543
304 308 420 303 305 309 415 421 414 416 427 567 310 409
305 307 309 421 304 310
308 310 427
309 313 428 308 314 422 427 429 434 421 423
312 317
213 311 318 433 214 317 426 432 440 425
310 314 319 434 309 320 428 435 441 427 429
313 320 435
316 322 437 323 430 438
315 317 323
311 316 318 324
214 312 317 325 440 213 311 324 433
313 320 326 441 217 314 327 434 442 450 218 435 451 310 321 332 591 131 220 309 328 333 428 443 458 583 592 600 221 427 429 436 452 459 584 601 334
314 319 321 327
320 328
315 323 331
215 316 322
216 317 323 325 448 215
318 324 449 214 216 317 440 448 439 312 323 599 130 213 215 311 316 433 447 468 590
217 319
218 320 326 328 333
321 327 329
328 335 453 321
331 336
219 322 330 337
220 326
221 327 332
222 328 333 335
329 334 342 461 222 229 328 341 343 453 460 462 472 228 452
330 337 345
223 331 336
224 337
226 332
227 333 339
228 334 340 342 352 471 222
229 335 341 343 353
342 354
345 356
230 336
231 337 345
232 338 346 348
233 347 349 360
348 361
234 339 351 362 481 226 235 244 340 363 469 482 492 227 245 470 493 332 352 373
235 340 350 352 363 482 227
236 341 351 353 364 483 228 235 237 246 340
237 342 352 354 365
238 343
354 238 249 343 366 474 485 248 473 496 353 237 342 365 377
344 357 367 486 239 345 368 475 487 230 250 476 497
239 345 356 358 368
240 346 357
241 347
242 348 359 361 371
243 349 360 372 491 242 254 348 371 480 490
244 350 363 373 492 234 245 255 351 374 481 493 502 235
245 351 362 364 374 493 235
246 352 363
247 353 364 366 376 495 237 246 248 258 352 354 375 377
248 354 365 377
356 368 250 357 378 486 497 239
250 357 367 369
251 358 368 370
252 359 369 371
253 360 370 372
254 361 371
255 362 374 502
256 363
257 364 374 376
258 365 375 377 385 505 247 257 259 267
259 366 376 248
260 368 379 386 506
261 369 378
262 370 379 381
263 371 380 382 389
264 372 381
265 374 384
266 375 383
267 376 384 391 512 258 266 268 276 375 377 505 511 518 257 259
269 378 387 392 513
270 379 386
271 380 387
272 381 388 390 395
273 382 389 264 272 282 381 395
276 385 396 518 267 275 277 285 384 397 512
278 386 393 398 269 279 287 387 399 513
279 387 392 394 399
280 388 393 395
281 389
285 391
286 396 277 285
287 392 399 278 288 393 279 519
288 393 398 400
289 394 399 280
293 402 403 284 292
294 396 401 404 285 293 295 297 397 403 523 284 286 296 298 522
296 401 404 293 297 299 402 292 294 300 202 193 201 203 208
297 402 403 294 296 298
407 537 301 408
545 413 533 544 302 532 534
301 405
407 409 414 547 301 303 405 415 538 546 548 557 304 537 539 556 558 410
408 410 415 548
409 416 549 305 415 417 540 548 550 559 304 539 558 560 408 421 709
412 419 553 418 542 552 554
411 413 554 302 306 419 543 553 555 542 544 565
302 412 555 406 544 554 306 543 545 411 717 419 532
303 408 415 557 304 407
304 409 414 416 420 558 303 305 307 408 410 421 548 557
305 410 415 417 421 559 304 308
416 422 560 305 410 421 423 550 559 561 569 308 549 568
419 426
411 418 565 306 412 426 553 564 552 554 574 728 212 413 425 433 542 563 715
307 415 421 567 304 308 414 416 427
308 416 420
417 421 423
422 429
425 431 572 430 432 562 571
424 426 432
418 425 433
309 421
310 422
423 428 435 577 310 314
431 437 579 315 424 438 571 580 587 316 572 588 432 446 746 311 322 425
424 430 432 438 580 311 316 425
311 425 431 433
312 426 432 440
313 428
314 429 434 436 442
435 443 585 314 321 429 442 444 578 584
315 430 438 446 587 316 322 431 445
316 431
317 432 438 440 448
318 433 439 449
319 434
320 435 441 443
321 436
443 453 594 321 329 436 452 454 586 593 603 328 585 602 604
446 455 595
322 437
323 438 446
324 439 447 449
325 440 448 599 318 324 439 590 598 317 589
326 441
327 442 450 452 459
328 443 451 453 460 602 321 327 329 334
329 444 452 454 461 603
453 462
330 445 456
331 446 455 457 465 607 322 330 337 445 447 464 466 596 606 608
447 456 466
332 450
333 451 458 460 470 611 327 332 334 340
334 452 459 461 471 612 328
335 453 460 462 472
454 461
464 475
336 455 463 465
337 456 464 466 477
338 457 465 467 478
466 468 479
467 480 349 479 620 632 348 609
339 458
340 459 469 471 482 622 333 339 341 351 458 460 481 483
341 460 470
342 461 471 473
343 462 472 474 485 625 342 354 461
473 626 343 355
344 463 476 486 627 345 356 464 487 616 628
345 464 475 477 487 628
346 465 476 478 488
347 466 477
348 467 478 480 490 631
349 468 479 491
350 469 482 492
351 470 481 483 493 634 340 350 352 363 469 471 492 494 622
352 471 482
353 472 483 485 495 636 342 352
354 473 484 496
356 475 487 344 357 367 476 497 627 638 345 368 628 647
357 476 486 488 497 638 345 356 358 368 475 477 498 628 639 647
358 477 487 489 498
359 478 488
360 479 489
361 480
362 481
363 482 492 494 503 644 351 362 364 374 481 483
364 483 493
365 484 494 496 505 646 353 364 366 376
366 485 495 354 365 377 484 505 637 646 353 355 376 636
368 487 498 506 647 357 367
369 488 497 499 507 648 358
370 489 498
371 490 499 501 509 650 360 370 372 381 489
372 491 500 361 371 382 490 509 642 650 360 381
373 492 503
374 493 502 504 510 652 363 373 375 383
375 494 503
376 495 504
378 497 507 513 368 379 386 498 514 647
379 498 506 508 514 654 369
380 499 507
381 500 508 516 656 371 380 382
383 503 511 657 374 384 502 504
384 504 510 512
385 505 511
386 506 514 378 387 392 507 519 379 393 654
387 507 513 515 519
388 508 514 516 520
389 509 515 521
511 518
391 512
393 514 520 387 392 394
394 515 519 521 388 393 395 400 514 516 659 387 389 399 280 508 271 279 281
395 516 520
517 523 396 401 518 661 391 402 660 284 511
396 518 522 391
672 527
526 533 676 532 534 675 677 690 669 689
525 534 677 533 535 669 676 678 691 670 690 692
528 536
527 529
528 538 684 537 539 683 685 695 405 694 696 527
531 542
530 532 543 688 542 544
531 533
525 532 534
526 533
534 692 526 678 691 677 679 705 533
527 537 693
405 528 536 538 546 694 407
529 537 539 547 695
538 540 548
539 549 697 410 548 550 696 698 709 409 685 708 710 538 559 870 416 529 547 558 560 695 721 869 871
542 552
530 541
531 542 544
532 543 545
406 533
407 537
408 538 546 548 557 707 407
409 539
410 540 548 550 559 709 409 416 539 558 560 697
549 560 710 410 417 540 559 561 698 709 711 722 416 697 721 723 548 569 884 409 422 539 558 568 570 708 732 871
552 563 713 541 562
541 551 553
411 542 552
412 543
413 544 554
546 557 718
414 547 556 558 566 719 408 415 546 548 567 707 718 720 729 407
415 548 557 559 567 720
416 549 558 560 568
417 550 559 561 569 722 416 422 549 568 570 710 721 723 732 410 421 423 709 711 731 733 558
560 570
563 572 725 424 551 571 573 712 724
551 562
418 552 563 565
419 553 564
557 567 729 414 420 556 558 719 730 415 718 720 739 547 568
420 558 566 568 730 415
421 559 567 569 575
422 560 568 570 576
423 561 569 577
572 579 735 424 430 562
424 562 571 573
425 563 572
426 564
427 568 576
428 569 575
429 570 576 578 584 742
577 585 743 429 436 570 584 586 734
430 571 580 587 746 431
431 572 579 581
432 573 580 582 589 748
433 574
434 576 584
435 577 583 585 592 752 429 434 436
436 578 584 586 593 753 435 443 577
585 594 754 436 444 578 593 744 753 763 443
437 579 588 596
438 580 587 589 597 757 431
439 581 588 590 598 758 432
440 582 589 599
441 583 592 600 760
442 584 591 593 601 761 435 441 443 451 583 585 600 602 752
443 585 592 594 602 762 436 442 444 452 584 586 601
444 586 593 603 763 443 453 585 602 604 754 762 764 772
445 596 606 765 446 455
446 587 595
447 588 596 598 608 767 438
448 589
449 590
450 591 601 610 769
451 592 600 602 611 770 442
452 593
453 594 602 604
454 603 614 773 453 462 594
606 616 775 455
455 595 605 607
456 596 606 608 618 777 446 455
457 597 607 609 619
598 608 620
458 600
459 601
460 602 611
461 603 612 614
462 604 613 615 625 784 454 461 473 603 624 626 773
614 626 785 462
463 605 617 627 786 464
464 606 616 618 628 787 455
465 607 617 619 629 788 456 464 466
466 608 618
467 609 619 631
469 610 622 633 791 458 470 481
470 611 621 623 634 792 459 469 471 482 610
471 612 622 624 635 793 460 470 472 483 611 613 634 636 782 792 794
472 613 623 625 636 794 461
473 614 624 626 637 795 462
474 615 625 796 473 614 637 785 795 462
475 616 628 463 476 486 617 638 786 797 464 487 787 806 344 605 629 345 356 477 606 618 639 647 775
476 617 627
477 618 628 630 639 798 465 476 478 488 617 619 638 640 788 797 799 807 464
478 619 629
479 620 630 632 641 800 467 478 480
480 631 642 468 479 491 620
481 621
482 622 633 635 644 802 470 481
483 623 634
484 624 635 637 646 804 472
485 625 636 805 473 484 496 624 626
487 628
488 629 638 640 648 807 477 487 489 498 628 630
489 630 639 641 649 808 478 488
490 631 640 642
491 632 641
492 633 644 651 810 481 493 502
493 634 643 645 652 811 482
494 635 644
495 636 645 813 484 494 496 505
497 638
498 639 647 649 654 814 488 497 499 507 638 640 655 807 815 487 489 506 508 806 808 369 629 650 358 368 370
499 640 648 650 655 815 489 498 500
500 641
502 643 652 816 492 503 644 657 810 817
503 644 651 653 657 817 493 502 504 510 643 645 658 811 816 818 492 494 511 810 812 374
504 645
507 648 655 498 506 508 514 647 649
508 649 654 656 659
509 650
510 652 658 660 503 511 651 653 661 817 502
511 653 657 661 504 510 512 517 652 660 818 503
515 655
657 661 510 517 658
517 658 660
663 664 822 665
662 665 823 664
662 665
663 664
665 828
664 668 830 665 826 829 831 833 825
665 667 831 664 666 827
670 677
669 671
670 679 841
524 673 681 843 682 836 844 853
672 682 844 524
675 688 846 531 687
674 676
525 675
526 669 676 678 691
670 677
671 678 680 851 670
679 852 671 842 851 841 865 678 1037 670 692
672 682 853 524 527
527 673 681 683 693 854 528 536 672
528 682 684 694 855 527 529 537 673 693 695 845 854 856 867 536
529 683 685 695 856 528 538 694
684 696 857 529 539 695
687 700 858 530
530 686
531 674
532 675
533 676
534 677
535 678
536 682 694 866
537 683 693 695 706 867 528 536 538 546 682 684 707 855 866
538 684 694 696 707
539 685
540 696 698 709 870 539 549 685 708 710 869 871
697 710 871 540 550 709 711 870 884 549 883 885 696 722 1058 539 560 685 708 721 723
700 713 872 541
541 686 699 701 714 873 542 552 687 713
542 687 700 702 715 874 530 541 543 553 686 688 714 716 859
543 688 701 703 716 875 531 542 544 554 687 689 715
544 689 702 704 717 876 532 543 545 555 688 690
545 690 703 705 877 533 544 689 691 717 862 876 878
691 704 878 534 545 690 692 863
546 694 707
547 695
548 696
549 697 708 710 721
550 698 709 711 722 884 549 560 697 721 723 871
710 723
713 725 886 551 562 699 724 726 887 900 563
551 699 712 714 726 887 552
552 700 713 715 727 888 541 551 553 564 699 701 726 728 873 887 889 902 542 563
553 701 714 716 728 889 542
554 702 715 717 890 543
555 703 716
556 706 719 893
557 707 718 720 729 894 547 556 558 566 706 708 730 881 893
558 708 719 721 730 895
559 709 720 722 731
560 710 721 723
561 711 722
725 735 562 571 712 736 900 912 572
562 712 724 726 736 900 563 572 713 735 737 886 901 913 551 571 573 887 912 914 727 747 1087 424 564 580 699 714 738
563 713 725
564 714 726
565 715 727 903
566 719
567 720 729
568 721 730 732
569 722 731 733
570 723 732 734 742 910 561 569 577 722 741
733 743 911
571 724 736 746 912
572 725 735 737 747 913
573 726 736 738 748
574 727 737 749 915 564 573
730 740 917 567
575 731 739
576 732
577 733 741 743 752 920 570
578 734 742 744 753 921 577 585 733
743 754 922 578 586 734 753 921 932 585 911 931 933 742 763 1110 577 594 733 752 762 764 920 943 1109 1121 436 570 584 593 899 910 930 942 944
746 755 923
579 735 745 747 756 924 571 580 587 736 755 757 912 923 925 935 572 588 913
580 736 746 748 757 925 572 579 581
581 737 747 749 758 926
582 738 748 759 927 574 581 590 737 758 915 926 938
740 751 928 575 583 739 741 760
583 741 750 752 760 929
584 742 751 753 761 930 577
585 743 752 754 762 931 578 584 586 593
586 744 753 763 932 585 594 743 762 764 922 931 933 943 578 593 921 942 944 752 772 1121 436 444 584 603 734 742 761 771 773
745 756 765 934 587
587 746 755 757 766 935
588 747 756 758
589 748 757 759 768 937 581 588 590 598
590 749 758
591 751 761
592 752 760 762 770 941 584 591 593 601
593 753 761 763 771 942 585 592 594 602 752 754 770 772 931 941 943 952 584 586 601
594 754 762 764 772 943 586 593
763 773 944 594 604 754
595 755 766 776 946 596 606 756 775
596 756 765 767 777 947 587 595
597 757 766 768
598 758 767
600 760 770 780 950 591 601
601 761 769 771 781 951 592 600
602 762 770 772 782 952 593 601 603
603 763 771 773 783 953 594 602 604
604 764 772 774 784 954 603 614 763 783 785 944
773 785 955 604 615 764 784
605 776 786 956 606 616 765 787 945 957 967 595 617 946 968 777 1147 455
606 765 775 777 787 957 595 605 607 617
607 766 776 778 788 958 596 606 608
608 767 777
609 768 778
610 769
611 770 780
612 771 781 783 793 963 602 611 613 623 770
613 772 782 784 794 964 603
614 773 783 785 795 965 604 613 615 625 772 774 794 796 954 964 966 976
615 774 784 796 966 614 626 773 795 955 965 977 604 625 954 976 783 1157
616 775 787 967 605 617 627 776 797 956 968 606 628 957 978 463 788
617 776 786 788 797 968 606 616 618
618 777 787 789 798 969 607 617
619 778 788
620 779
621 780 792 801 972
622 781 791 793 802 973
623 782 792 794 803 974
624 783 793 795 804 975 613 623 625 636
625 784 794 796 805 976 614 624 626 637 783 785
626 785 795 977 615 625 784 805 966 976 614 637 965 986 474 774 794 1170 473
628 787 798 806 978 617 627 629 638 786 788
629 788 797 799 807 979 618 628
630 789 798 800 808 980
631 790 799 809 981 620 630 632 641
633 791 802 810 982 621 634 643 792 811 972 983 990 622 644
634 792 801 803 811 983 622
635 793 802 804 812 984
636 794 803 805 813 985 624
637 795 804 986 625 636 794 796
638 797 807
639 798 806 808 814 987 629 638 640 648 797 799 815 979 988 628
640 799 807 809 815 988
641 800 808
643 801 811 816 990 633 644 651 802 817
644 802 810 812 817 991 634
645 803
646 804 812 636 645
648 807 815 639 647
649 808 814
651 810 817 643 652 811
652 811 816 818 644 651
653 812 817
820 822 993 662 821 823 994 996 663 995 997 826 1182 664 824 825 827
819 823 994 663 822 824 993 997 662 996 998 827 1183 665 821 826 828 1002 1181
822 825 995 662 819 826 996 1000 664 993 999 1001 823 829 1184 663 820 827
662 819 821 823
663 820 822 824
823 828 998
821 826 829 1000 664 822 830 995 999 1001 1004
664 822 825 827 830 1001 662 665
665 823
666 824 827
825 830 832 1004 667 826
667 826 829 831 833 1005
668 827 830 1006 665 667 826 828
829 833 1007 830 834
830 832 834 1008 667 829 831 1005
833 1011 832
836 1017
835 843 1018
838 847 1020 675
837 839 848 1021 669
669 838 840
670 839 841
671 840 842 851 1024 670 679 850 852 1015 1023 1025 1036
841 852 1025
672 836 844 853 1028 673
673 843 845
844 855 1030
674 847 860 1031 675 688 837 859 861 1032 1047 687
675 837 846 848 861 1032 674 676 689
676 838 847 849 862 1033 675 677 690
677 839 848 850 863
678 840 849 851 864 1035 670
679 841 850 852 865 1036 671
680 842
681 843 854 1039 672 682 844
682 844 853
683 845 854 856
684 855 857 868
685 856 869 1043 684 696 868 870
686 859
687 858 860 874
688 846 859 861
689 847 860 862
690 848 861 863
691 849 862 864 878 1050 677 690
692 850 863 865 879 1051 678 691
851 864 1052 679 692 850 852 879 1036 1051
693 854
694 855 866
695 856 867 869 881
696 857 868 870 882 1056 685 695 697 708 856 881
697 869 871
698 870 884 1058 697 710
699 873
700 858 872 874 888
701 859 873 875
702 860 874 876
703 861 875
704 862
705 863 877 879 1065 691 704 862 864 892 1050 1064 1066 690
864 878 1066 692 705 863 865 1051 1065 691
706 867 881
707 868 880 882 894 1068
708 869 881 883 895
709 870 882 884 896 1070 697 708 710 721 869 871
710 871
711 884 898 1072 710
712 887 900 713 725
713 872 886 888 901 1073
714 873 887 889
715 874 888 890 903
716 875 889 891 904
717 876 890
877 891
718 880 894 1079
719 881 893
720 882 894
721 883 895 897 908 1082 709 720 722 731
722 884 896 898
723 885 897 899 910 1084 711 722 733 884 909 911
898 911 1085 723 734 885 910 1084 1098 711 733 1072 1097 897 921 1272 561
725 886 901 913
726 887 900 902 914 1088 713 725 727 737 886
727 888 901 903
728 889 902 904 916
890 903 905 1091
891 904 1092 717 890 892 1077 1091
729 894
730 895 906 908 917 1094 720 729 731 739
731 896 907 909 918 1095 721 730 732 740
732 897 908 910
733 898 909 911 920 1097 723 732 734
734 899 910 921 1098 733 743 898 920 922 1085 1097 1109 723
735 913
736 900 912 914 925 1100
737 901 913 915
738 902 914
903 915 1103 728 738 902
739 907
740 908 917 919 928 1106 731 739
741 909 918
742 910 919 921 930 1108 733
743 911 920 922 931 1109 734
744 921 932 1110 743 754 911 931 933 1109 1121 734 753 1098 1120 1122 920 943 1298 578 586
745 924 934 1111 746 755 912 935 1112
746 912 923 925 935
747 913 924
748 914
749 915 926
750 918 929 939 1117 740 751 917
751 919 928
752 920 929 931 941 1119 742
753 921 930 932 942 1120 743 752 754 762
754 922 931 933 943 1121 744 753 763 921 942 944 1110 1120 1122 1133 743 762 764 1109 1132 1134 586 930 953 1309 585 594 752 772 911 920
932 944 1122
755 923 935 946
756 924 934 936 947 1125 746 755
757 925
758 926 936
759 927
928 940
760 929 939 941 950 1130
761 930 940 942 951 1131 752 760 762 770
762 931 941 943 952 1132 753 761 763
763 932 942 944 953 1133 754 762 764 772 931 933 952 954 1121 1132 1134 1143 753
764 933 943 954 1134 763 773 932 953 955 1122 1133 1144 754 772
946 956 1135 765 775 934 957 1123 1136 1147 755 776
765 934 945 947 957 1136 755 766 776
766 935 946 948 958 1137
767 936 947 949
768 937 948
769 940
770 941 950 952 962 1141 761 769 771 781 940 942 961 963 1131 1140 1142 1153
771 942 951 953 963 1142 762 770 772 782 941 943
772 943 952 954 964 1143 763
773 944 953 955 965 1144 764 772
774 954 966
775 945 957 967 1147 776 786 946 968
776 946 956 958 968 1148 765 775 777
777 947 957 959 969 1149 766 776
778 948 958
779 949 959
780 950
781 951 961 963 973 1153 770 780 782 792
782 952 962 964 974 1154 771 781 783 793 951 953 973 975 1142 1153 1155 1167 770 772
783 953 963 965 975 1155 772 782 784 794 952 954 974 976 1143 1154 1156 1168
784 954 964 966 976 1156 773 783 785 795 953 955
785 955 965 977 1157 774 784 796 954 976
786 956 968 1159 775 787 957 978 1147 1160 776
787 957 967 969 978 1160 776 786 788 797 956 958 979 1148
788 958 968 970 979 1161 777 787 789 798 957 959 978 980
789 959 969
790 960 970 981 1163 779 789
791 961 973
792 962 972
793 963 973 975 984 1167 782 792 794 803 962 964 983 985 1154 1166 1168 1176 781
794 964 974 976 985 1168 783 793 795 804 963 965 984 986 1155 1167 1169
795 965 975 977 986 1169 784 794 796 805 964 966 985 1156 1168 1170
796 966 976 1170 785 795 965 986 1157 1169 784 805 1156 1158
797 968 979 1171 787 798 806 967 969 987 1160 1172 786 788 807
798 969 978 980
799 970 979 981 988 1173 789 798 800
800 971
801 972 983 990 1174 791 802
802 973 982 984 991 1175 792 801 803
803 974 983 985 992 1176 793 802
804 975 984 986 1177 794 803 805 813 974 976 992 1168 1176 1178
805 976 985
807 979
808 980 987
809 981 988
810 982 991 801 811 816 983 1174 1179 802 817 1175 643
811 983 990 992 1179
812 984 991 1180
819 994 996 1182 820 822 995 997 1183 1185 821 823 1181 1184 1186 1001 1357 662
820 993 997 1183 819
821 996 1000 1184 822
822 993 995 997 1001 1185 819 821 823
823 994 996 998
824 997 1003
1000 1188 825 995 1004 1189 1193 821
825 995 999
826 996 1000 1002 1005 1190 822
827 997 1001 1003 1006 1191 823
828 998 1002 1192 824
829 1000
830 1001 1004 1006 1008 1195 826
831 1002 1005 1009 1196 827 830 1001 1003
832 1004
833 1005 1007 1009 1011 1198 830
1006 1008 1012 1199 831 833 1005 1011
1007 1011 1200 832 834 1008 1013 1197 1201 833 1198 1203 1004 1012 1372 829
834 1008 1010
1009 1011 1202 834
1011 1203 834
1015 1023 1204 840 1022 1024 1205 1212 839 841 1211 1213 1035 1379 670 850
1014 1024 1205 841
1017 1026 835
835 1016
836 1017
1018 1029 1208 836
837 1021
838 1020 1022 1033 1210 837 839 848 1032
839 1021 1023 1034 1211 838 840 849
840 1014 1022 1024 1035 1212 839 841 850 1015 1034 1036 1204
841 1015 1023 1025 1036 1213 840 842 851 1014 1035 1037 1205 1212 1214 1225 850
842 1024 1037 1214 841
1016 1027 1017 1038 1215 835 1206
1017 1026 1028
843 1018 1027 1029 1039 1216 836 844 853
844 1019 1028 1030 1040 1217 843 845
845 1029 1041
846 1032
847 1020
848 1021 1032
849 1022 1033 1035 1050 1223 839 848 850 863 1021 1023 1049 1051 1211 1222 1224 1238 838 840 862
850 1023 1034 1036 1051 1224 840 849 851 864 1022 1024
851 1024 1035 1037 1052 1225 841 850 852
852 1025 1036 842 851 1024 1052 1214 1225 841
1027 1039 1226 853 1026 1028 1215 1227
853 1028 1038 1040 1227 843 854 1027
854 1029 1039 1041 1053 1228 844 853 855
855 1030 1040 1042
856 1041 1043 1055 1230
857 1042 1044 1056 1231 856 869 1055 1057 1230 1232 1242 868 870 1219 1241 1243 685 1041 1069 1400 684 696 855 882 1030 1054 1058 1068
1043 1057 1232 857 870 1056 1058 1231 1243 869 871 1242 1244 1042 1070 685 697 856 883 1055 1069 1071
858 1046
859 1045 1047 1061 1234 858 860 874 1031
860 1031 1046 1048 1062 1235 846 859 861 875
861 1032 1047 1049 1063 1236 847 860 862 876 1031
862 1033 1048 1050
863 1034 1049 1051 1065 1238 849 862 864 878 1033 1035 1064 1066 1223 1237 1239 1251
864 1035 1050 1052 1066 1239 850 863 865 879
865 1036 1051 851 864 1035 1037
866 1040
867 1041 1053
868 1042 1054 1056 1068 1241 856 867 869 881
869 1043 1055 1057 1069 1242 857 868 870
870 1044 1056 1058 1070 1243 869 871
871 1057 1071 1244
872 1060 1073
873 1045 1059 1061 1074 1246 858
874 1046 1060 1062 1075 1247 859 873 875 889 1045 1047 1074 1076 1234
875 1047 1061 1063 1076 1248 860 874 876
876 1048 1062
877 1049 1063
878 1050 1064 1066 1251 863 877 879 1049 1051 1078 1238 1250 1265
879 1051 1065 864 878 1050 1052 1239 1251 863 865 1238
880 1054 1068
881 1055 1067
882 1056 1068
883 1057 1069 1071 1082 1255 870 882
884 1058 1070 1072 1083 1256 871 883 885 897 1057 1082 1084 1244 1255 1257 1270 870 896 898 1243 1269 1271 710
885 1071
887 1059
888 1060 1073 1075 1089 1260 873 887 889 902 1059 1061 1088 1090
889 1061 1074 1076
890 1062 1075 1077
891 1063 1076
892 1064
893 1067 1080 1266 880 894 1068 1093
894 1068 1079 1081 1093 1267 881 893 895 906 1067 1069
895 1069 1080 1082
896 1070 1081 1083 1095 1269 883 895 897 908 1069 1071 1094 1096
897 1071 1082 1084 1096 1270 884 896 898
898 1072 1083 1085 1097
899 1084 1098 1272 898 911 1072 1097 1271
1087 1099 1273 900 912 1100 1274 1288 886 913 1258 1287
900 1086 1088 1100 1274 886 901 913
901 1073 1087 1089 1101 1275 887 900 902 914 1074 1100
902 1074 1088 1090
903 1075 1089 1091
904 1076 1090 1092 1104 1278 890 903 905 1075 1077 1103
905 1077 1091 1279 891 904 1076 1078
906 1080 1094
907 1081 1093 1095 1105 1282 895
908 1082 1094 1096 1106 1283 896 907 909 918 1081 1083 1105 1107 1269 1282 1284 1294 895 897 917
909 1083 1095 1097
910 1084 1096 1098 1108 1285 898 909 911 920 1083 1085 1107 1109 1271 1284 1286
911 1085 1097 1109
912 1086 1100
913 1087 1099
914 1088 1100
915 1089
916 1090 1102 1104 1116 1292 903 915
1091 1103 1293 904 916 1090 1092
917 1094 1106 907 918
918 1095 1105 1107 1117 1294 908 917
919 1096 1106
920 1097 1107 1109 1119 1296 910
921 1098 1108 1110 1120 1297 911
922 1109 1121 1298 921 932 1098 1120 1122 1297 1309
923 1112
924 1099 1111 1113 1125 1300 912 923 925 935
925 1100 1112 1114 1126 1301 913
926 1101 1113
927 1102 1114
1103 1115 1304 916 927
928 1106 1118 1129 1305 918 929 939 1105
929 1107 1117 1119 1130 1306
930 1108 1118 1120 1131 1307 920
931 1109 1119 1121 1132 1308 921 930 932 942 1108 1110 1131 1133 1297 1307
932 1110 1120 1122 1133
933 1121 1134
1124 1135 1311 934 945 1111 1136 1312 1323
934 1111
935 1112 1124 1126 1137 1313 924 934 936 947
936 1113 1125 1127 1138 1314 925 935 937 948 1112 1114 1137 1139
937 1114 1126 1128 1139 1315 926 936 938
938 1115
939 1117
940 1118 1129
941 1119 1130 1132 1141 1318 930 940 942 951 1118 1120 1140 1142
942 1120 1131 1133 1142
943 1121 1132
944 1122 1133 1144 1321 933 943 954 1121 1143 1145 1310 1320 1322
945 1123 1136 1147 1323 946 956 1124 1146 1148 1311 1324 1333 934 957
946 1124 1135 1137 1148 1324 934 945 947 957 1123 1125 1147 1149
947 1125 1136 1138 1149 1325 935 946 948 958 1124 1126 1148 1150 1313 1324 1326 1335 934 936 957 959
948 1126 1137 1139 1150 1326 936 947 949 959 1125 1127 1149 1151 1314
949 1127 1138 1151 1327 937 948
950 1130
951 1131 1140 1142 1153 1328 941 950 952 962 1130 1132 1152 1154 1318
952 1132 1141 1143 1154 1329 942 951 953 963 1131 1133
953 1133 1142 1144 1155 1330
954 1134 1143 1145 1156 1331 944 953 955 965 1133 1155 1157 1321 1330 1332 1343
955 1144 1157 1332 954 966 1134 1156 1158 1322 1331 1344 944 965 1321 1343 774 1143 1170
1147 956 1135 1159 1333 945 967 1323 1148 775 957 1123 1136 1160
956 1135 1146 1148 1159 1333 945 957 967 1136 1160 1323 1334 946 968 1324 775 1123 1149 776 786
957 1136 1147 1149 1160 1334
958 1137 1148 1150 1161 1335 947 957 959 969
959 1138 1149
960 1139 1150
961 1140
962 1141
963 1142 1153 1155 1167 1341 952 962 964 974 1141 1143 1166 1168 1329 1340 1342
964 1143 1154 1156 1168 1342 953 963 965 975 1142 1144 1167 1169 1330 1341 1343
965 1144 1155 1157 1169
966 1145 1156 1158 1170 1344 955 965 977 1144 1169 1332
1157 966 1145 1170 1344 955 977 1332
967 1147 1160 956 968 1146 1148
968 1148 1159 1161 1171 957 967 969 978 1147 1149 1172 1334 956 958 979 1333 1335 787
969 1149 1160 1162 1172 958 968 970 979 1148 1150 1171 1173 1335 1345 957
970 1150 1161 1163 1173 1345 959 969 971
971 1151
1165 972 1152 1174 1338 1346 961 982 1339 1166 791 973
972 1152 1164 1166 1174 1346 961
973 1153 1165
974 1154 1166 1168 1176
975 1155 1167 1169 1177
976 1156 1168 1170 1178
977 1157 1169
978 1160 1172 968 979 1159 1161 967 969 987 797 1148 1173 787 798 806 957
979 1161 1171 1173
980 1162 1172 970 979 981
982 1165 1175 972
983 1166 1174 1176 1179 1352
984 1167 1175
985 1168 1176
986 1169
991 1175 1180
992 1176 1179 984
1183 1356 994 1182 1355 1358 993 1357 1186
993 1183 1185 1357 994 996 1181 1184 1186 1355 1358 1360 995 997 1356 1359
994 1181 1182 1186 1358 993 997 1185 1187 1356 1357 1361 996 998
995 1185 1189 1359 996 1000 1182 1188 1190 1360 1363 993 999 1001 1357 1362 1364 821 1186 1194
996 1182 1184 1186 1190 1360 993 995 997
997 1183 1185 1187
998 1186
999 1189 1193 1362 1000 1184 1194 1363 995 1004 1359 1366 1190 825
1000 1184 1188 1190 1194 1363 995 999
1001 1185 1189
1002 1186 1190 1192 1196
1003 1187 1191 998
1188 1194 999 1004 1189 1197 1362 1366 1000 1007
1004 1189 1193
1005 1190 1194
1006 1191 1195 1199 1368 1002
1007 1194
1008 1195 1197 1199 1201 1370 1005
1009 1196 1198 1202 1371 1006 1008 1012
1010 1197
1011 1198 1200
1012 1199 1201 1374 1009 1011 1198 1203 1371 1373 1008
1013 1201
1014 1205 1212 1379 1015 1023 1211 1213 1385 1022 1024 1384
1015 1204 1213 1014 1024 1212 1214 1379 1386 1023 1025 1385 1225 841 1036 1211 1224 840
1017 1207 1215 1380 1016 1018
1018 1206
1019 1207 1217 1018 1029 1216 1218 1381 1389 1028 1030 1388 1390 1206 1228 836
1020 1210
1021 1209 1211 1222 1383 1020 1022 1033 1221
1022 1210 1212 1223 1384 1021 1023 1034 1204 1222 1224 1383 1385 1395 1014 1033 1035 1379 1394 1396
1023 1204 1211 1213 1224 1385 1014 1022 1024 1035 1205
1024 1205 1212 1214 1225 1386 1015 1023 1025 1036 1204 1224 1385 1014 1035 1037
1025 1213 1024 1037 1205 1225 1386 1015 1036
1027 1206 1216 1226 1387 1017 1026 1028 1038 1207 1227
1028 1207 1215 1217 1227 1388 1018 1027 1029 1039
1029 1208 1216 1218 1228 1389 1019 1028 1030 1040 1207 1227 1229 1388 1390 1018 1039 1041
1030 1217 1219 1229 1390 1029
1218 1230 1391 1030 1042 1229 1231 1390 1399
1031 1221
1032 1209 1220 1222 1236 1393 1020 1031 1033
1033 1210 1221 1223 1237 1394 1021 1032 1034
1034 1211 1222 1224 1238 1395 1022 1033 1035 1050 1210 1212 1237 1239 1384 1394 1396 1405
1035 1212 1223 1225 1239 1396 1023 1034 1036 1051 1211 1213
1036 1213 1224 1024 1035 1037 1052 1212 1214 1239 1386 1396 1023 1025 1051 1385 851 1205 1223 841
1038 1215 1227 1027 1039 1216 1387 1397 1026 1028 1388 1206 1228 853 1017 1040 1207 1217
1039 1216 1226 1228 1397 1028 1038
1040 1217 1227 1229 1029 1039 1041
1041 1218 1228 1230 1240 1398 1030 1040 1042 1054
1042 1219 1229 1231 1241 1399 1041 1043 1055 1218 1240
1043 1230 1232 1242
1044 1231 1243 1043 1057 1242 1244 1400 1408 1056 1058 1407 1409 1230 1255 857
1045 1234
1046 1233 1235 1247 1401 1045 1047 1061 1220 1246 1248 1402 1411
1047 1220 1234 1236 1248 1402 1031 1046 1048 1062
1048 1221 1235 1237 1249 1403 1032 1047 1049 1063
1049 1222 1236
1050 1223 1237 1239 1251 1405 1034 1049 1051 1065 1222 1224 1250 1395 1404 1415 1033 1035 1064 1066
1051 1224 1238 1035 1050 1052 1066 1223 1225 1251 1396 1405 1034 1036 1065 1395
1054 1229 1241 1252 1041
1055 1230 1240
1056 1231 1241
1057 1232 1242 1244 1255 1408 1044 1056 1058
1058 1243 1256 1409
1059 1246
1060 1233 1245 1247 1260 1410 1045
1061 1234 1246 1248 1261
1062 1235 1247 1249 1262 1412 1047 1061
1063 1236 1248 1250 1263 1413 1048 1062 1064
1064 1237 1249 1251 1264 1414 1049 1063 1065
1065 1238 1250 1265
1067 1240 1253 1266 1416 1054 1068 1079 1241
1068 1241 1252 1254 1267 1417 1055 1067 1069 1080 1240 1242 1266 1268 1406
1069 1242 1253 1255
1070 1243 1254 1256 1269 1419 1057 1069
1071 1244 1255 1257 1270 1420 1058 1070 1072 1083 1243 1269 1271 1409 1419 1421 1431 1057 1082 1084 1408 1430 1432 884 1254
1072 1256
1259 1274 1073 1087 1245
1073 1245 1258 1260 1275 1422 1059
1074 1246 1259 1261 1276 1423 1060 1073 1075 1089
1075 1247 1260 1262 1277 1424 1061 1074 1076
1076 1248 1261 1263 1278 1425 1062 1075
1077 1249 1262 1264 1279 1426 1063 1076 1078
1078 1250 1263 1265
1251 1264 1065 1078
1079 1252 1267
1080 1253 1266 1268 1281 1428 1068 1079 1081
1081 1254 1267 1269 1282 1429
1082 1255 1268 1270 1283 1430 1070 1081 1083 1095 1254 1256
1083 1256 1269 1271 1284 1431 1071 1082 1084
1084 1257
1085 1271
1086 1274
1087 1258 1273
1088 1259 1274 1276 1290 1435 1073 1087 1089
1089 1260 1275 1277 1291 1436 1074 1088 1090
1090 1261 1276 1278 1292 1437 1075 1089
1091 1262 1277 1279 1293 1438 1076 1090 1092 1104 1261 1263 1292 1425 1437 1439 1075
1092 1263 1278 1280 1439 1077
1264 1279
1093 1267 1282 1080 1094
1094 1268 1281 1283 1081 1093 1095 1105 1267 1269 1294 1429
1095 1269 1282 1284 1294 1082 1094 1096 1106 1268 1270 1295 1430 1081 1083 1105
1096 1270 1283 1285 1295 1083 1095 1097
1097 1271 1284 1286
1098 1272 1285 1297
1288 1299
1099 1273 1287 1289 1300 1442 1086
1100 1274 1288 1290 1301 1443 1087 1099 1101
1101 1275 1289 1291 1302 1444 1088 1100 1102 1114 1274 1276 1301 1303 1435
1102 1276 1290
1103 1277 1291
1104 1278 1292 1091 1103 1277 1279
1106 1283 1295
1107 1284 1294 1296 1306 1096
1108 1285 1295 1297
1109 1286 1296 1298
1110 1297 1309
1111 1287 1300 1312 1448
1112 1288 1299 1301 1313 1449 1099 1111 1113
1113 1289 1300 1302 1314 1450 1100 1112 1114 1126 1288 1290 1313 1315 1443 1449 1451 1099 1101 1125
1114 1290 1301 1303 1315 1451 1101 1113 1115 1127 1289 1291 1314 1316 1444 1450 1452 1100
1115 1291 1302 1304 1316 1452 1102 1114 1116
1116 1292 1303
1117 1294 1306 1106 1118 1129 1295 1105 1107
1118 1295 1305 1307
1119 1296 1306 1308
1120 1297 1307 1309
1121 1298 1308 1310 1320
1122 1309
1123 1312
1124 1299 1311 1313 1324 1457 1111 1123 1125
1125 1300 1312 1314 1325 1112
1126 1301 1313 1315 1326 1113 1125
1127 1302 1314 1316 1327
1128 1303 1315 1317
1304 1316 1458
1131 1307 1319 1328 1119 1130 1132 1141 1306 1308 1329 1459 1465
1132 1308 1318 1320 1329
1133 1309 1319 1321 1330
1134 1310 1320
1321 1332
1135 1311 1324 1333 1463 1123 1136 1147 1312 1334 1456 1464 1124 1146 1148 1457 945 1325 946 956 1137 1159 1299 1313 1335 934 957 1111
1136 1312 1323 1325
1137 1313 1324 1326 1335 1125 1136 1138 1149 1312 1314 1334 1336 1464 1124 1126 1148 1150 1457 947 1300 1323 1327 935 946
1138 1314 1325 1327 1336 1126 1137 1139 1150 1313 1315
1139 1315 1326 1337
1141 1318
1142 1319 1328 1330 1341
1143 1320 1329 1331 1342 1467
1144 1321 1330
1145 1322 1331 1344 1469 1144 1157 1321 1343 1462 1468
1147 1323 1334 1135 1146 1148 1159
1148 1324 1333 1335
1149 1325 1334 1336 1137 1148 1150 1161 1324 1326 1345 1136 1138 1160 1162 1464 958 1313 1333 1337 947 957
1150 1326 1335 1337
1151 1327 1336 1139 1150
1339 1152 1164 1346 1140 1165 1340 961 1129 1153 1328 1347 1470 950 972
1152 1338
1153 1328 1339
1154 1329
1155 1330 1341 1343 1349
1156 1331 1342 1344 1350
1157 1332 1343 1351
1162 1336
1165 1339 1347
1166 1340 1346 1348
1167 1341 1347
1168 1342 1348
1169 1343 1349 1351
1170 1344
1175 1347 1353 1166 1174 1176
1176 1348 1352 1354 1167 1175 1177 1180 1347 1349 1476
1177 1349 1353 1168 1176 1178 1348 1350
1356 1357 1479 1181 1182 1358 1480 1481 1183
1181 1355 1358 1480 1183 1357
1182 1355 1358 1360 1481 1183 1185 1356 1359 1361
1183 1356 1357
1184 1360 1363 1483 1185 1189 1357
1185 1357 1359
1186 1358 1360
1188 1363 1189
1189 1359 1362 1364 1366 1486 1184 1188 1190 1194 1360 1367
1190 1360 1363 1365 1367
1191 1361 1364 1368
1194 1363 1367 1369
1195 1364 1366
1196 1365 1367 1371 1491 1191
1197 1366
1198 1367 1369 1371 1373 1493
1199 1368 1370 1374
1200 1369
1201 1370
1202 1371 1373 1199 1201 1370 1494 1496 1198
1376 1498
1375 1377 1500 1498 1501
1376 1378 1501 1375
1377 1502 1501
1204 1385
1206 1381 1387
1207 1380 1388
1209 1383 1393 1210
1210 1382 1384 1394 1505
1211 1383 1385
1212 1379 1384 1386 1396 1204 1211 1213 1224
1213 1385
1215 1380 1388 1206 1216 1226 1381 1397 1207 1227 1027 1389 1017 1026 1028 1038 1217
1216 1381 1387 1389 1397
1217 1388 1390
1218 1389 1391 1398 1508 1217 1219 1229 1399 1507 1512 1208 1228 1230 1513 1030 1388 1029 1041 1216 1240
1219 1390 1399 1218 1230 1398 1400 1508 1513 1229 1231 1512 1514 1389 1406 1030 1042 1217
1220 1393 1402
1221 1382
1222 1383
1223 1384 1394 1396 1405 1511 1211 1222 1224 1238 1383 1385
1224 1385 1395 1212 1223 1225 1239 1384 1386 1405
1227 1388 1216 1226
1229 1390 1399 1512 1218 1228 1230 1240
1230 1391 1398 1400 1406 1513 1219 1229 1231 1241 1390 1407 1512 1514 1519 1218 1240 1242
1231 1399 1407
1234 1402 1411 1515 1233 1235 1247 1392
1235 1392 1401 1403 1412 1516 1220 1234 1236 1248 1393
1236 1393 1402 1404 1413 1517 1221 1235 1237 1249
1237 1394 1403 1405 1414 1518 1222 1236 1238 1250
1238 1395 1404 1415 1223 1237 1239 1251 1394 1396 1414
1241 1399 1407 1417 1519 1230 1240 1242 1253 1398 1400
1242 1400
1243 1407 1409 1419
1244 1408 1420 1243 1256 1419 1421 1521
1246 1411 1423 1522 1233
1247 1401 1410 1412 1424
1248 1402 1411 1413 1425 1524 1235 1247 1249 1262 1401 1403 1424 1426 1516
1249 1403 1412 1414 1426 1525 1236 1248 1250
1250 1404 1413 1415 1427 1526 1237 1249 1251
1251 1405 1414 1238 1250 1265
1252 1417 1240 1253 1266 1406 1428 1527 1241 1267 1519 1067
1253 1406 1416 1418 1428 1527 1241 1252 1254 1267 1407 1429 1519 1528 1240 1242
1254 1407 1417 1419 1429 1528 1242 1253 1255 1268 1406 1408
1255 1408 1418 1420 1430 1529 1243 1254 1256 1269 1407 1409
1256 1409 1419 1421 1431 1530 1244 1255 1257 1270 1408 1430 1432 1529 1243 1269 1271 1521 1537
1257 1420 1432 1256 1271
1259 1423 1435
1260 1410 1422 1424 1436 1531 1246 1259 1261
1261 1411 1423 1425 1437 1532 1247 1260 1262 1277
1262 1412 1424 1426 1438 1533 1248 1261 1263 1278 1411 1413 1437 1439 1524 1532 1534 1247 1249 1277 1279
1263 1413 1425 1427 1439 1534 1249 1262 1264
1264 1414 1426 1535 1250 1263 1265 1280 1413
1267 1417 1429 1253 1266 1268 1281 1416 1418 1527 1536 1252 1254 1282 1528
1268 1418 1428 1430 1536 1254 1267 1269 1282 1417 1419 1528 1537 1253 1255 1281 1283 1527 1529 1081
1269 1419 1429 1431 1537 1255 1268 1270 1283 1418 1420 1529 1536 1254 1256 1282 1284 1528 1530 1082 1408 1428 1432 1070 1081 1083 1095 1243 1267
1270 1420 1430
1271 1421 1431 1440
1273 1434 1442 1274 1288 1441 1443 1258 1287 1289 1086 1435
1274 1433 1435 1443 1258 1273
1275 1422 1434 1436 1444 1259 1274 1276 1290 1423
1276 1423 1435 1437 1445 1260 1275 1277 1291 1422 1424 1444 1446 1531 1539
1277 1424 1436 1438 1446 1261 1276 1278
1278 1425 1437 1439 1262 1277 1279 1293 1424 1426 1446 1533 1538 1261 1263
1279 1426 1438 1538 1263 1278
1285 1432 1271
1287 1442 1448 1288 1299 1433 1449 1273 1300 1443 1457 1099 1111 1289 1312 1434 1450 1456 1086 1112
1288 1433 1441 1443 1449 1273 1287 1289 1300 1434 1448 1450
1289 1434 1442 1444 1450 1274
1290 1435 1443 1445 1451 1275 1289 1291 1302 1434 1436 1450 1452 1539 1274 1276 1301 1303 1540 1101 1422 1442 1446 1088 1100 1102 1114 1259 1288 1292
1291 1436 1444 1446 1452 1539 1276 1290 1292
1292 1437 1445 1453 1277 1291 1293
1298 1454 1297 1309 1455 1286 1308
1299 1441 1449 1457
1300 1442 1448
1301 1443 1449 1451 1289 1300 1302 1314 1442 1444 1288 1290 1313 1315 1113 1434 1448 1452 1100 1112
1302 1444 1450 1452 1290 1301 1303 1315 1443 1445 1540 1289 1291 1314 1316 1539 1114 1435 1449 1453 1101 1113 1115 1127 1275 1300 1304 1327 1434 1436 1442 1446 1458 1100
1303 1445 1451 1453 1540
1304 1446 1452 1458 1292 1303
1309 1447 1455 1460 1298 1308 1310 1320 1459
1310 1454 1461 1309 1321 1447 1460 1462 1298
1311 1457 1463 1312 1323 1448 1464 1299 1324
1312 1448 1456 1464 1299 1311 1313
1317 1453
1319 1460
1320 1454 1459 1461 1467 1309 1319 1321
1321 1455 1460 1462 1468 1310 1320 1322 1331 1454 1467 1469 1542 1309
1322 1461 1469
1323 1456 1464 1311 1324 1333 1457 1312
1324 1457 1463 1312 1323 1325 1334 1456
1328 1466 1470 1318 1329 1340
1329 1459
1330 1460 1466 1468 1472
1331 1461 1467 1469 1473 1542 1321
1332 1462 1468 1474 1543 1322 1331 1344 1461 1473 1542 1321
1340 1465
1341 1466 1470
1342 1467 1471 1473
1343 1468 1472 1474 1478
1344 1469
1347 1470
1348 1471 1475
1349 1472 1476
1350 1473 1477 1343 1349
1355 1480
1356 1479 1482
1357 1479 1482 1484 1551 1355 1358 1360 1480 1483 1485 1549
1358 1480 1481 1485
1359 1484 1486 1553 1360 1363 1481 1487
1360 1481 1483
1361 1482 1484 1488
1363 1483
1364 1484 1486 1488 1490
1365 1485 1487 1491 1558 1361
1366 1486
1367 1487 1489
1368 1488 1490 1494
1369 1489
1370 1490 1492
1371 1491 1493 1368 1370 1374 1490 1496 1561 1563 1367
1372 1492
1373 1493 1495 1370
1498 1564 1375 1499
1375 1497
1498 1501 1375 1377 1497 1500 1502 1565 1567 1376 1378 1564 1566 1596
1376 1498 1501 1566 1375
1377 1499 1500 1502 1567 1376 1378 1498 1566 1375 1565
1378 1501
1504 1568 1569 1570 1500 1376 1566 1498 1375 1565 1501
1503 1569 1500 1568 1376 1566 1570 1498 1501 1375 1377
1383 1506 1510 1382 1384 1394 1509 1511 1393 1395 1210 1518 1209 1211 1222 1385
1384 1505 1511 1383 1385 1395 1510 1379
1389 1508
1390 1507 1512
1393 1510 1517 1382 1392 1394 1403 1505 1516 1518 1572 1383 1402 1404 1571 1221 1511 1525 1209 1220 1222
1394 1505 1509
1395 1506
1398 1508
1399 1512 1514
1400 1513 1520 1399 1407 1519 1521
1401 1516 1523 1402 1411 1522 1524 1571 1392
1402 1515 1517 1524 1571 1392 1401 1403 1412 1509 1523 1525 1572 1575 1393 1411 1413 1576 1235 1518 1533
1403 1509 1516 1518 1525 1572 1393 1402 1404 1413
1404 1510 1517 1526 1394 1403 1405 1414 1509
1406 1513 1520 1527 1399 1407 1417 1512 1514 1528 1573 1398 1400 1416 1418
1407 1514 1519 1521 1528 1573 1400 1406 1408 1418 1513 1527
1408 1520 1529 1574 1407
1410 1523 1531 1411 1423 1515 1532 1401
1411 1515 1522 1524 1532 1401 1410 1412
1412 1516 1523 1525 1533 1575 1402 1411 1413 1425 1515 1517
1413 1517 1524 1526 1534 1576 1403 1412 1414
1414 1518 1525 1535 1577 1404 1413 1415
1417 1519 1528 1406 1416 1418 1428 1520 1536 1407 1429 1573 1253 1513 1529 1241 1252 1254 1267
1418 1520 1527 1529
1419 1521 1528 1530 1537 1578 1408 1418 1420 1430 1520 1536 1574 1407 1409 1429
1420 1529 1409 1419 1421 1431 1521 1537 1578 1408 1430 1432 1574 1256 1528 1244 1255 1257
1423 1522 1532 1410 1422 1424 1436 1523 1411 1435 1437 1260 1533 1539 1246 1259 1261
1424 1523 1531 1533 1411 1423 1425 1437
1425 1524 1532 1534 1412 1424 1426 1438 1523
1426 1525 1533 1535 1538 1579 1413 1425 1427
1427 1526 1534 1414 1426 1525 1538 1577 1579 1413 1415
1429 1528
1430 1529 1536 1419 1429 1431 1528 1530 1578 1418 1420 1269 1521 1255 1268 1270 1283 1408 1428 1432
1439 1534 1426 1438 1533 1535 1579 1425 1427
1445 1540 1436 1444 1446 1452 1435 1437 1451 1453 1291 1531 1276 1290
1452 1539 1445 1451
1467 1542 1545 1460 1466 1468 1472 1544 1459 1461 1471 1473 1330 1543 1320 1329
1468 1541 1543 1461 1467 1469 1473 1545 1460 1462 1472 1474 1331
1469 1542 1462 1468 1474 1461
1471 1545
1472 1541 1544 1467 1471 1473
1547 1548 1580
1546 1548 1580 1581
1547 1581 1546 1580 1582
1479 1550
1480 1549
1481 1549
1482 1550 1551 1555 1585
1483 1554 1556 1484 1486 1551 1557 1586 1588 1481 1487 1584
1484 1551 1553 1555 1557
1485 1552 1554 1558 1587
1486 1553
1487 1554 1556
1488 1555 1557 1561
1489 1556
1490 1557 1559 1561 1563 1592
1491 1558 1560
1492 1559 1563
1493 1560
1497 1565
1498 1564
1500 1565 1567 1498
1501 1566 1499 1500 1502 1565 1498 1596 1377 1376 1378 1564 1569
1503 1569 1570 1504 1566 1500 1565 1376
1504 1568 1503 1566 1570 1500 1565 1567 1376 1498
1568 1503 1569 1504 1566 1500 1376 1565 1567 1498
1516 1572 1575 1515 1517 1524 1576 1509 1523 1525 1402 1392 1401 1403 1412 1518 1533 1577 1579 1393 1411 1413 1510 1522
1517 1571 1576 1509 1516 1518 1525 1575 1577 1510 1524 1526 1403 1579 1393 1402 1404 1413 1515 1534 1392 1394 1412
1520 1574 1514 1519 1521 1528 1578
1521 1573
1524 1571 1576 1516 1523 1525 1533 1572 1579 1515 1517 1532 1534 1412 1577 1402 1411 1413 1425 1522 1526 1401 1403 1424 1426 1509
1525 1572 1575 1577 1579 1517 1524
1526 1576 1518 1525 1535 1572 1579 1517 1534 1414 1575 1404 1413 1415 1427
1529 1574 1521 1528 1530 1537 1573 1520 1536 1419 1408 1418 1420 1430 1527 1407 1409 1429
1534 1576 1525 1533 1535
1547 1581
1548 1580
1581 1548
1549 1584 1599 1550 1551
1551 1583
1552 1584
1554 1584
1555 1585 1586 1590
1556 1589 1591 1553 1557 1559 1586
1557 1586 1588 1590
1558 1587
1559 1588 1592
1560 1589
1561 1590
1562 1591 1595 1559 1563 1592
1563 1592 1594 1560 1562 1591
1565 1611 1564 1566 1567 1498
1580 1598 1581 1582 1547 1546 1548 1599 1600 1583 1549 1601
1581 1597 1580 1582 1548 1547 1546 1599 1583 1600 1549 1601
1583 1601 1584
1601 1584 1599 1602 1583
1584 1599 1600 1602
1586 1601
1587 1602 1607 1585 1586 1590
1605 1608 1615 1609 1612 1614 1616 1619
1604 1609 1616 1608 1615 1620 1612 1619 1625 1614 1624 1627
1589 1602
1590 1603 1606
1604 1609
1605 1608 1620 1604 1616 1619 1615 1627 1625 1626 1612 1614 1624 1622 1623 1634
1592 1606 1589
1596 1565 1564 1566 1567
1615 1622 1604
1602 1617 1601 1603 1606 1618 1600 1607 1586 1584 1587 1589 1599 1610 1585 1588 1590 1583 1592 1554 1591
1615 1623 1604 1612
1604 1612 1614 1616
1605 1615 1620 1625
1606 1613
1607 1617 1603 1606 1613 1602
1608 1615
1609 1616 1619 1627 1605 1608 1615 1625 1626 1604 1624 1634 1612 1614
1622 1623 1628 1612 1614 1624 1629 1630 1615 1631 1637 1625 1626 1636 1638 1642
1612 1621 1624 1629 1615 1623
1614 1621 1624 1630 1615
1615 1622 1623 1625 1626 1631 1612
1616 1624 1627 1632
1619 1624
1620 1625 1626 1634 1616 1619 1624 1632 1633 1615 1631 1609 1605 1608 1622 1623 1644 1650 1604 1612 1614 1629 1630 1643 1621
1621 1629 1630 1637 1622 1623 1631 1636 1638 1642 1624 1641 1643 1658
1622 1628 1631 1638 1621 1624 1630
1623 1628 1631 1642 1621 1624
1624 1629 1630
1625 1631 1634 1644
1626 1631
1627 1632 1633 1625 1626 1631 1644 1650 1624 1643 1620 1616 1619 1629 1630 1649 1615 1622 1623 1638 1642
1636 1640 1656 1639
1635 1637 1641 1657 1628 1640
1628 1636 1638 1642
1629 1637 1643 1628 1631 1642 1644
1640 1646
1635 1639 1641
1636 1640 1642
1630 1637 1641 1643
1631 1638 1642
1632 1643 1631 1634 1638 1650 1664 1629 1633 1625 1642 1624 1627 1630 1637 1649 1663 1622 1626 1628 1658 1670 1623 1693 1616 1621 1641
1646 1651 1666 1639 1652 1659 1665 1667 1672 1660 1671 1673 1647 1695 1640 1653 1668 1689 1694 1696
1639 1645 1647 1652 1667 1640 1651 1653 1660 1666 1668 1673
1640 1646 1648 1653
1641 1647 1649
1642 1648
1633 1643 1649
1645 1652
1646 1651
1647 1652
1648 1653
1680 1678 1679 1682 1681 1683 1684 1685 1707 1730 1731 1759 1758 1791 1793 1792 1794 1841 1840 1842 1880
1635 1657 1661 1686 1636 1640 1660 1662 1687 1691 1639 1641 1690 1692 1658 1668 1711 1637 1647
1636 1656 1658 1662 1687 1635 1637
1637 1657 1663 1688 1636 1638
1660 1666 1689 1639 1645 1665 1667 1690 1695 1646 1694
1639 1659 1661 1667 1690 1640 1646 1656 1666 1668 1689 1691 1696 1635 1645 1647
1640 1656 1660 1662 1668 1691 1635 1639 1641 1647 1657
1641 1657 1661 1663 1669 1692 1636 1640 1642
1642 1658 1662 1664 1670 1693 1637 1641 1643 1649 1657 1669 1688 1692 1699 1636 1638 1648
1643 1663
1666 1671
1645 1659 1665 1667 1672 1695 1646
1646 1660 1666 1668 1673 1696 1639 1645 1647 1652
1647 1661 1667 1669 1674 1697 1640 1646 1648
1648 1662 1668 1670 1675 1698 1641 1647
1649 1663 1669 1699 1642 1648
1665 1672 1651
1651 1666 1671
1652 1667
1653 1668 1673 1675 1676 1702 1647
1654 1669 1674 1677 1703 1648
1674 1677 1705
1675 1676 1706 1654 1674 1703 1705
1680 1655 1679 1682 1681 1683 1684 1685 1707 1730 1759 1758 1731 1791 1793 1792
1680 1681 1655 1678 1682 1683 1684 1707 1685 1730 1758 1731 1759
1655 1678 1679 1682 1681 1683 1684 1685 1707 1730 1731 1759 1758 1791 1793 1792
1679 1682 1680 1684
1680 1681 1683 1684 1655 1679
1682 1685 1680 1684 1655 1707 1681 1678 1679 1730 1731 1759 1758 1791
1682 1685 1707 1681
1683 1684 1682 1707 1680 1681 1730 1655 1731 1679 1678 1759 1758 1793 1791 1792
1656 1687 1691 1711
1657 1686
1658 1687 1693 1713 1657
1659 1690 1695
1660 1689 1691 1696
1661 1686 1690 1692 1697 1717 1656 1660 1662 1668 1687 1696 1698 1711 1716
1662 1687 1691 1693 1698 1718
1663 1688 1692 1699 1719 1658 1662 1664 1670 1687 1698 1713 1718 1725 1657 1669 1712 1724 1642 1691 1749 1637
1665 1695 1720 1666
1666 1689 1694 1696 1700 1721 1659 1665 1667
1667 1690 1695 1697 1701
1668 1691 1696 1698 1702 1723 1661 1667 1669
1669 1692 1697 1699 1703 1724 1662 1668 1670
1670 1693 1698 1725 1663 1669 1692 1703 1719 1724 1662 1664 1675 1718 1728
1672 1695 1701 1666 1671 1673 1694
1673 1696
1674 1697 1701 1703 1705 1727 1668
1675 1698 1702 1706 1728 1669 1674 1677 1697 1699 1705 1724 1727 1668 1670 1676
1701 1705 1673
1676 1702 1704
1677 1703 1705 1675 1676 1702
1684 1730 1682 1685 1731
1709 1710 1736 1711 1733 1735 1737 1740 1686 1732 1734 1739 1741
1708 1711 1737 1686 1710 1712 1734 1736 1738
1708 1711 1716 1740 1686 1690 1709 1715 1717 1736
1686 1709 1710 1712 1717
1687 1711 1713 1718
1688 1712 1719 1743 1687 1693 1718 1742 1749 1692 1738 1748 1658 1711 1725 1777 1657
1715 1720
1689 1714
1690 1710 1715 1717 1722
1691 1711 1716 1718 1723 1747 1686 1690 1692 1697 1710 1712 1722 1724 1741 1746
1692 1712 1717 1719 1724 1748
1693 1713 1718 1725 1749 1688 1692 1699 1712 1724 1743 1748 1687 1698 1742 1753 1663 1717 1783
1694 1714 1721 1695 1715 1744
1695 1715 1720 1722 1750 1689 1694 1696 1700 1714 1716 1726
1696 1716 1721 1723 1726
1697 1717 1722 1724 1727
1698 1718 1723 1725 1728 1753 1692 1697 1699 1703 1717 1719 1727 1748 1752
1699 1719 1724
1701 1722
1702 1723 1726
1703 1724 1727 1756 1698 1702 1706 1723 1725 1729 1753 1755 1697 1699 1705 1752
1705 1727 1757 1702
1707 1731
1730 1707 1759
1733 1735 1762 1736 1763 1767 1708 1766 1768 1734 1739 1810 1737 1740 1764 1773 1811 1815
1732 1734 1736 1763 1708
1733 1737 1764
1732 1736 1739 1767 1708 1733 1740 1762 1766 1768
1708 1733 1735 1737 1740 1768 1709 1710 1732 1734 1739
1709 1734 1736 1738 1741 1769 1708 1711 1733 1740
1737 1742 1770 1709 1712 1734
1735 1740
1710 1736 1739 1741 1746
1711 1737 1740 1742 1747 1775 1709 1710 1712 1717 1736 1738 1746 1748 1769 1774
1712 1738 1741 1743 1748
1713 1742 1749 1777 1712 1719 1738 1748 1771 1776
1714 1745 1778
1715 1739 1744 1746 1750 1779
1716 1740
1717 1741 1746
1718 1742 1747 1749 1753
1719 1743
1721 1745
1722 1746 1750 1752 1754 1785 1716 1721 1723 1726 1745 1747 1755
1723 1747 1751 1753 1755
1724 1748 1752 1756
1726 1751
1727 1752 1754
1728 1753 1755 1790 1724 1727 1752 1757 1787 1789 1723 1725 1729
1729 1755
1759 1792 1730
1730 1758 1793 1731
1798 1797 1801 1795 1800 1802 1849 1796
1764 1809
1732 1763 1767 1810 1733 1735 1766 1768 1811
1733 1762 1764 1768 1811 1732 1734 1736 1761
1734 1761 1763 1765 1769 1812 1733 1737 1768 1770 1809 1811 1813
1764 1770 1813
1767 1772
1735 1762 1766 1768 1773 1815 1732 1736 1739 1763 1772 1774 1810 1814 1816 1821 1733 1740 1811 1820 1822 1769 1779
1736 1763 1767 1769 1774 1816 1733 1735 1737
1737 1764 1768 1770 1775 1817 1734 1736 1738 1741 1763 1765 1774 1776 1812 1816 1818
1738 1765 1769 1771 1776 1818 1737 1742 1764 1775 1777 1813 1817 1819 1824
1770 1777 1819 1738 1743 1765 1776 1818 1825 1742 1813
1766 1773 1778 1820 1739
1739 1767 1772 1774 1779 1821 1735 1740 1745 1766 1768 1778 1780 1815 1820
1740 1768 1773 1775
1741 1769 1774 1776 1781 1823 1737 1740 1742
1742 1770 1775 1777 1782 1824
1743 1771 1776 1783 1825 1742 1749 1770 1782 1819 1824 1831
1744 1772
1745 1773 1778
1746 1774 1779 1781 1785 1828 1740
1747 1775 1780 1782 1786
1748 1776 1781 1783 1787 1830 1742 1747 1749 1753 1775 1777 1786 1824 1829 1831
1749 1777 1782 1831 1743 1748 1776 1787 1825 1830 1742 1753 1824 1835 1719 1771
1750 1779
1751 1780 1784
1752 1781 1785
1753 1782 1786 1790 1835 1748 1752 1756 1781 1783 1789 1830 1834 1838
1754 1785 1789 1836 1751 1755 1784
1755 1786 1788
1756 1787 1789
1793 1841 1759 1792 1840
1758 1793
1759 1791 1792
1792 1758
1797 1846 1796 1798 1844 1845 1848 1760 1843 1847 1849
1797 1799 1847 1795 1800 1845 1848 1846 1850 1798 1760 1801 1803 1843 1849 1885 1844
1795 1796 1798 1800 1848 1760 1799 1801 1846 1847 1849 1850 1845 1851 1803 1802 1804 1844 1886 1887 1843 1852 1853 1885 1888 1805 1884 1854
1760 1797 1801 1849 1795 1800 1802 1848 1851 1846 1850 1852 1796
1796 1800 1797 1803 1847 1850 1848
1797 1799 1801 1803 1850 1796 1798 1804 1848
1798 1800 1802 1804 1851 1760 1797 1803
1801 1805 1852 1798 1804 1851 1854 1760 1849 1853 1800 1807 1797 1803 1806 1850 1888
1800 1804
1801 1803
1802 1804 1807
1804 1807
1805 1806 1804
1809 1811
1761 1808 1812 1855 1764 1811 1813 1858 1763 1765 1857 1859 1817
1762 1811 1815 1856 1763 1767 1808 1814 1816 1857 1860 1766 1768 1861 1732 1812 1821 1733 1735 1764 1773 1809 1817 1820 1822
1763 1808 1810 1812 1816
1764 1809 1811 1813 1817 1858
1765 1812 1818 1859 1764 1770 1809 1817 1819 1858 1863
1766 1815 1820 1767 1772 1810 1821 1860 1762 1773 1856
1767 1810 1814 1816 1821 1860 1762 1766 1768 1773 1811 1820 1822 1856
1768 1811 1815 1817 1822
1769 1812 1816 1818 1823 1862 1764 1768 1770 1775 1811 1813 1822 1824 1858 1861 1863
1770 1813 1817 1819 1824 1863
1771 1818 1825 1770 1777 1813 1824 1863
1772 1814 1821 1826 1766 1773
1773 1815 1820 1822 1827 1864 1767
1774 1816 1821 1823
1775 1817 1822 1824 1829
1776 1818 1823 1825 1830 1867 1770 1775 1777 1782 1817 1819 1829 1831 1863 1866 1868
1777 1819 1824 1831 1868 1771 1776 1783 1818 1830 1867 1770 1782 1863 1873 1743 1823 1742
1778 1820
1779 1821 1826
1780 1822 1827
1781 1823 1828 1830 1834
1782 1824 1829 1831 1835
1783 1825 1830 1777 1782 1824 1835 1868 1873 1776 1787 1867 1877 1749 1819 1829
1784 1827 1833 1874 1779
1785 1828 1832 1834
1786 1829 1833
1787 1830 1834 1838
1788 1833 1837 1785 1789 1832 1834 1875 1878 1784 1786 1874 1876 1754 1828 1838 1751 1755 1780 1790 1827 1829 1835 1839 1871 1879 1904
1789 1834 1836 1838 1878 1786 1788 1790 1833 1835
1790 1835 1837 1839
1838 1790 1837 1879
1841 1842 1880 1791 1792 1793 1758 1794 1759 1730 1881 1907 1731
1791 1840 1793 1842 1880 1792 1759 1758 1794 1907
1792 1840 1793
1844 1845 1883 1846 1884 1885 1795 1881 1886 1847 1794 1796
1843 1846 1884 1795
1843 1846 1847 1885 1795 1796 1844 1848 1883 1886 1797 1884
1795 1844 1845 1848 1886 1797 1843 1847 1849 1884 1885 1796 1798 1883 1887 1850 1800
1796 1845
1797 1846 1847 1849 1850 1795 1796 1798
1798 1848 1851 1887 1797 1801 1846 1850 1852 1888 1795 1800 1802 1886 1760 1847 1853 1796
1800 1848 1851 1797 1799 1801
1801 1849 1850 1852
1802 1851
1804 1851 1854 1801 1803 1805
1805 1852 1853 1802 1804 1807 1851 1801 1806 1888 1803 1849 1850 1798 1800 1887 1848 1760 1797 1799 1846 1847 1795
1809 1858 1808 1812 1857 1859
1810 1857 1860 1811 1815
1811 1856
1812 1855 1857 1859
1813 1858 1863 1890 1812 1818 1855 1862 1889 1893 1809 1817 1819 1892 1765 1857
1815 1856
1816 1857 1860
1817 1858 1861 1863
1818 1859 1862 1867 1893 1813 1817 1819 1824 1858 1866 1868 1890
1821 1860 1865 1870 1894 1815 1820 1822 1827
1822 1861 1864 1866 1871
1823 1862 1865 1867
1824 1863 1866 1868
1825 1867 1819 1824 1831 1863 1873 1897 1818 1830 1893 1902 1777 1866 1771 1776 1783 1823 1859 1862 1872 1877
1826 1870 1898 1820 1827 1864 1874 1899 1821 1832 1894 1903 1778 1871 1772 1779 1814 1828 1860
1827 1864 1869 1871
1828 1865 1870
1829 1866 1871
1830 1867 1872 1877
1832 1870 1875 1903 1827 1833 1869 1871 1899 1904 1826 1828 1836 1898 1900
1833 1871 1874 1876 1904
1834 1872 1875 1877 1878 1905 1829 1833 1835 1837 1871
1835 1873 1876 1879 1830 1834 1838
1837 1876 1879
1838 1877 1878 1835 1837 1839 1876 1906 1834 1905 1790 1873 1787
1840 1841 1842 1791 1792 1793 1794 1907
1882 1884 1909
1881 1910 1884 1907 1909 1911 1914 1844 1908 1913 1883 1886 1912 1843 1846 1885 1933 1793 1794
1843 1884 1885 1844 1845 1881 1886 1913 1846 1909 1847 1882 1914 1795 1848 1910
1844 1881 1883 1886 1913 1843 1846 1882 1885 1909 1914 1845 1910
1845 1883 1886 1843 1846 1847 1884 1844 1848 1913 1795 1796
1846 1884 1885 1844 1845 1848 1883 1887 1913 1843 1847 1849 1914 1795
1849 1888 1848 1851 1886 1846 1850 1852 1798 1797 1801 1847 1853 1884 1885 1914 1795 1800 1802
1851 1887 1849
1858 1890 1892 1855
1859 1889 1893
1861 1892 1895 1857 1860 1862
1862 1889 1891 1893
1863 1890 1892
1864 1895 1899 1860 1865 1870 1891 1898
1865 1891
1866 1892 1895 1897
1867 1893 1896
1869 1899 1870
1870 1894 1898 1900 1903 1919 1864 1869 1871 1874 1895 1904 1920 1922 1865 1875 1917 1923
1871 1895 1899 1901 1904 1920
1872 1896 1900 1902 1905 1921 1866 1871 1873 1876 1895
1873 1897 1901 1867 1872 1877 1896 1905 1921
1874 1899
1875 1900 1903 1905 1923
1876 1901 1904
1878 1905
1908 1910 1882 1909 1911 1881 1914 1912 1913 1884 1933 1841 1842 1844 1880 1883 1793 1886 1840 1843 1794 1791
1907 1911 1910 1912 1882 1933 1909 1914 1881 1913 1884 1841 1844 1793 1842 1880 1883 1886 1791 1840 1843 1846 1794 1887 1792 1885
1881 1910 1913 1882 1884 1907 1914 1883 1911
1882 1907 1909 1911 1914 1881 1908 1913 1884 1912 1933 1844 1883 1886 1843 1846 1885 1887 1842 1845 1849 1793
1908 1910 1912 1882 1907 1914 1933 1909 1881 1913 1884 1844 1886 1883 1887 1846 1843 1849 1885 1793
1911 1933 1908 1910 1882 1907 1914 1909 1881 1913 1884 1844 1886 1887 1846 1849 1883 1843 1852 1885
1884 1909 1914 1881 1883 1886 1910 1882 1885 1844 1843 1846 1907 1911 1845 1887 1848 1908 1847 1849 1795 1912 1888
1910 1913 1882 1884 1909 1911 1881 1886 1907 1844 1883 1887 1908 1912 1846 1885 1933
1892 1916 1918 1889 1891
1893 1915 1890 1892 1897 1918 1889 1896
1895 1918
1896 1915 1917 1921 1935 1892 1895
1899 1920
1900 1917 1919
1901 1918 1920 1924 1896
1903 1919
1904 1920
1905 1921 1923 1901 1904 1906
1928 1940 1927 1929 1939 1941 1944 1943 1945 1931 1956 1930 1932 1948 1952 1955 1957 1961 1942 1946 1947 1949 1951 1953 1960 1962 1958 1964 1950 1954 1959 1963 1965 1975 1970
1923 1904 1906
1928 1930 1943 1925 1931 1939 1942 1944 1947 1940 1948 1929 1960 1932 1945 1955 1959 1961 1963 1941 1949 1956 1964 1951 1962 1952 1957 1965 1978 1946 1974 1977 1979
1925 1927 1929 1931 1944 1930 1932 1940 1943
1928 1932 1945 1925 1931 1941 1944
1927 1931 1947 1928 1943 1948 1942 1944 1932 1963 1925
1928 1930 1932 1948 1927 1929 1944 1947 1949 1943 1945 1925 1964 1940 1961
1929 1931 1949 1928 1945 1948 1944
1912 1911 1908 1910 1907 1914 1882 1909 1913
1917 1935 1937 1918
1918 1934 1915 1917 1921 1937 1916 1920 1896 1892 1895 1897
1919 1937 1920 1922
1920 1934 1936 1938 1917 1919 1921
1923 1937 1920 1922 1924 1926 1936 1919 1921 1904 1934 1900 1903
1940 1943 1955 1925 1927 1942 1944 1951 1956 1960 1928 1952 1959 1961 1941 1947
1925 1939 1941 1944 1956 1928 1943 1945
1940 1945 1957 1925 1929 1944 1946 1953 1956 1958
1943 1959 1927 1939 1947 1960 1930 1955 1963 1944
1927 1939 1942 1944 1947 1960 1928 1930 1940 1948 1955 1959 1961 1963 1925 1931 1956 1964 1945 1978 1929
1928 1940 1943 1945 1948
1929 1941 1944
1945 1929 1941 1949 1958 1962 1932 1957 1965 1944 1928 1940 1948 1954 1961 1980 1925 1931 1953 1956 1964 1976
1930 1943 1948 1963 1927 1931 1942 1944 1960 1964 1928 1959 1961 1939 1949 1981 1932 1940 1945 1955 1965
1931 1944 1947 1949 1964 1928 1930 1932 1943 1945 1961
1932 1945 1948 1965
1953 1967 1952 1954
1952 1955
1951 1953 1956
1950 1952 1954 1957 1971 1941 1956 1958 1967 1970
1953 1958
1939 1951 1956 1960
1940 1952 1955 1957 1961 1975 1939 1941 1944 1951 1953 1960 1962 1970
1941 1953 1956
1954 1957 1941
1942 1960
1943 1955 1959 1961 1963 1978 1939 1942 1944 1947 1956 1964 1974
1944 1956 1960 1962 1964 1979 1940 1943 1945 1948 1955 1957 1963 1965 1975 1978 1980
1945 1957 1961 1965 1980
1947 1960 1964
1948 1961 1963 1965 1982 1944 1947 1949 1960 1962 1979
1949 1962 1964 1945 1948 1961 1980 1982 1944 1946
1967 1970 1986
1950 1966 1968 1971 1987 1953 1970 1972 1984 1986 1988
1967 1972 1988 1950
1951 1970
1952 1966 1969 1971 1975 1990 1951
1953 1967 1970 1972 1976 1991
1954 1968 1971 1992 1953 1958 1967 1976 1988 1991 1950 1957
1974 1977
1955 1969 1973 1975 1978
1956 1970 1974 1976 1979 1995 1952 1955 1957 1961 1969 1971 1978 1980 1990 1994 1996
1957 1971 1975 1980
1959 1973
1960 1974 1977 1979
1961 1975 1978 1980 1982 1999 1956 1960 1962 1964 1974 1976 1981
1962 1976 1979 2000 1957 1961 1965 1975 1982 1996 1999 1956 1958 1964 1995 1945 1971 1978 2018
1963 1978
1964 1979 1981 1961 1963 1965 1978 1980 1999 1960 1962 1998
1984 1986 2001 1966 1985 1987 2002 2004 1967 2003
1983 1987 2002 1967 1986 1988
1986 1989
1966 1983 1985 1987 1990 2004
1967 1984 1986
1968 1987 1992 2006
1969 1985 1990
1970 1986 1989 1991 1995 2008 1966 1969
1971 1987 1990
1972 1988 1991
1973 1994
1974 1989 1993
1975 1990 1994 1996 1999
1976 1991 1995 2000 2015
1977 1993 1998 1973 1978
1978 1994 1997 1999
1979 1995 1998 2000 2017 1975 1978 1980 1982 1994 1996 2014
1980 1996 1999 2018
1983 2002 2004 1984 1986 2003 2005
1984 2001 2005 1983 1987 2004
1985 2004
1986 2001 2003 2005 2008
1987 2002 2004
1988 2005 2010
1989 2003
1990 2004 2007 2009
1991 2005 2008 2010
1992 2006 2009 1988 1991 2005
2012 1993 1997 2013 1973 1994 2007 2016 2024 1977 1989
1993 2011 2013 1994 1997 2007 2016 2024 1989 1998 2021 2027 1973 2014 1974 1977 1995 2003 2008 2017
1994 2007 2012 2014 2016 2024 1989 1993 1995 1998 2008 2017 2021 2025
1995 2008 2013 2015 2017
1996 2009
1998 2013
1999 2014
2000 2015 2017
2004 2020 2022 2001 2003
2005 2019 2023 2002 2004 2006 2009 2022 2001 2008 2010
2007 2022 2024 2003 2008
2008 2019 2021 2023 2025 2004 2007 2009 2014 2020 2024 2026 2029 2003
2009 2020 2022 2026 2005 2008 2010 2015 2019
2013 2021
2014 2022 2024 2026 2028 2029 2008 2013 2015 2017 2021 2023
2015 2023 2025 2009 2014
2016 2024 2028
2017 2025 2027 2030 2014 2016 2018
2025 2030 2022 2024 2026 2028 2021
2028 2029 2025 2027 2024 2026 2017 2014 2016 2018 2022 2013 2015 2021