15 19 6
16 19 6
15 20 6
15 18 7
15 19 7
16 19 7
15 20 7
14 21 7
14 17 8
12 18 8
13 18 8
14 18 8
15 18 8
11 19 8
12 19 8
13 19 8
14 19 8
15 19 8
16 19 8
11 20 8
12 20 8
13 20 8
14 20 8
15 20 8
40 20 8
12 21 8
13 21 8
14 21 8
15 21 8
39 21 8
40 21 8
41 21 8
42 21 8
12 22 8
13 22 8
14 22 8
15 22 8
40 22 8
41 22 8
42 22 8
13 23 8
14 23 8
40 23 8
41 23 8
42 23 8
13 24 8
14 24 8
15 24 8
40 24 8
14 25 8
15 25 8
39 13 9
14 16 9
41 16 9
12 17 9
13 17 9
14 17 9
40 17 9
41 17 9
11 18 9
12 18 9
13 18 9
14 18 9
15 18 9
40 18 9
41 18 9
42 18 9
43 18 9
11 19 9
12 19 9
13 19 9
14 19 9
15 19 9
16 19 9
40 19 9
41 19 9
42 19 9
43 19 9
44 19 9
11 20 9
12 20 9
13 20 9
14 20 9
15 20 9
16 20 9
39 20 9
40 20 9
41 20 9
42 20 9
43 20 9
11 21 9
12 21 9
13 21 9
14 21 9
15 21 9
39 21 9
40 21 9
41 21 9
42 21 9
43 21 9
11 22 9
12 22 9
13 22 9
14 22 9
15 22 9
40 22 9
41 22 9
42 22 9
43 22 9
12 23 9
13 23 9
14 23 9
15 23 9
40 23 9
41 23 9
42 23 9
43 23 9
13 24 9
14 24 9
15 24 9
16 24 9
40 24 9
41 24 9
42 24 9
43 24 9
14 25 9
15 25 9
40 25 9
15 11 10
15 12 10
39 13 10
41 14 10
40 15 10
41 15 10
12 16 10
13 16 10
14 16 10
40 16 10
41 16 10
42 16 10
11 17 10
12 17 10
13 17 10
14 17 10
15 17 10
40 17 10
41 17 10
42 17 10
43 17 10
11 18 10
12 18 10
13 18 10
14 18 10
15 18 10
40 18 10
41 18 10
42 18 10
43 18 10
11 19 10
12 19 10
13 19 10
14 19 10
15 19 10
40 19 10
41 19 10
42 19 10
43 19 10
11 20 10
12 20 10
13 20 10
14 20 10
15 20 10
39 20 10
40 20 10
41 20 10
42 20 10
43 20 10
11 21 10
12 21 10
13 21 10
14 21 10
15 21 10
40 21 10
41 21 10
42 21 10
43 21 10
11 22 10
12 22 10
13 22 10
14 22 10
15 22 10
40 22 10
41 22 10
42 22 10
43 22 10
44 22 10
12 23 10
13 23 10
14 23 10
15 23 10
40 23 10
41 23 10
42 23 10
43 23 10
13 24 10
14 24 10
40 24 10
41 24 10
42 24 10
43 24 10
41 25 10
17 9 11
15 11 11
15 12 11
13 13 11
14 13 11
39 13 11
40 13 11
12 14 11
39 14 11
40 14 11
41 14 11
12 15 11
13 15 11
14 15 11
39 15 11
40 15 11
41 15 11
42 15 11
11 16 11
12 16 11
13 16 11
14 16 11
39 16 11
40 16 11
41 16 11
42 16 11
43 16 11
11 17 11
12 17 11
13 17 11
14 17 11
15 17 11
39 17 11
40 17 11
41 17 11
42 17 11
43 17 11
44 17 11
11 18 11
12 18 11
13 18 11
14 18 11
15 18 11
39 18 11
40 18 11
41 18 11
42 18 11
43 18 11
11 19 11
12 19 11
13 19 11
14 19 11
15 19 11
40 19 11
41 19 11
42 19 11
43 19 11
11 20 11
12 20 11
13 20 11
14 20 11
15 20 11
40 20 11
41 20 11
42 20 11
43 20 11
11 21 11
12 21 11
13 21 11
14 21 11
15 21 11
40 21 11
41 21 11
42 21 11
43 21 11
11 22 11
12 22 11
13 22 11
14 22 11
15 22 11
40 22 11
41 22 11
42 22 11
43 22 11
41 23 11
42 23 11
43 23 11
41 24 11
42 24 11
35 7 12
18 8 12
36 8 12
37 8 12
38 8 12
17 9 12
37 9 12
38 9 12
38 10 12
39 10 12
14 11 12
15 11 12
39 11 12
40 11 12
12 12 12
13 12 12
14 12 12
15 12 12
39 12 12
40 12 12
41 12 12
12 13 12
13 13 12
14 13 12
15 13 12
39 13 12
40 13 12
41 13 12
42 13 12
11 14 12
12 14 12
39 14 12
40 14 12
41 14 12
42 14 12
11 15 12
12 15 12
13 15 12
39 15 12
40 15 12
41 15 12
42 15 12
43 15 12
10 16 12
11 16 12
12 16 12
13 16 12
14 16 12
15 16 12
39 16 12
40 16 12
41 16 12
42 16 12
43 16 12
44 16 12
10 17 12
11 17 12
12 17 12
13 17 12
14 17 12
15 17 12
39 17 12
40 17 12
41 17 12
42 17 12
43 17 12
10 18 12
11 18 12
12 18 12
13 18 12
14 18 12
15 18 12
39 18 12
40 18 12
41 18 12
42 18 12
43 18 12
11 19 12
12 19 12
13 19 12
14 19 12
15 19 12
40 19 12
41 19 12
42 19 12
11 20 12
12 20 12
13 20 12
14 20 12
15 20 12
42 20 12
11 21 12
12 21 12
13 21 12
14 21 12
42 21 12
43 21 12
11 22 12
12 22 12
13 22 12
41 22 12
42 22 12
41 23 12
42 23 12
35 6 13
19 7 13
35 7 13
36 7 13
37 7 13
38 7 13
16 8 13
17 8 13
18 8 13
36 8 13
37 8 13
38 8 13
39 8 13
15 9 13
16 9 13
37 9 13
38 9 13
39 9 13
40 9 13
13 10 13
14 10 13
15 10 13
38 10 13
39 10 13
40 10 13
12 11 13
13 11 13
14 11 13
15 11 13
39 11 13
40 11 13
41 11 13
12 12 13
13 12 13
14 12 13
15 12 13
39 12 13
40 12 13
41 12 13
42 12 13
11 13 13
12 13 13
13 13 13
14 13 13
15 13 13
39 13 13
40 13 13
41 13 13
42 13 13
43 13 13
11 14 13
12 14 13
13 14 13
39 14 13
40 14 13
41 14 13
42 14 13
43 14 13
10 15 13
11 15 13
12 15 13
13 15 13
14 15 13
15 15 13
39 15 13
40 15 13
41 15 13
42 15 13
43 15 13
44 15 13
10 16 13
11 16 13
12 16 13
13 16 13
14 16 13
15 16 13
39 16 13
40 16 13
41 16 13
42 16 13
43 16 13
10 17 13
11 17 13
12 17 13
13 17 13
14 17 13
15 17 13
39 17 13
40 17 13
41 17 13
42 17 13
43 17 13
11 18 13
12 18 13
13 18 13
14 18 13
15 18 13
39 18 13
40 18 13
41 18 13
42 18 13
11 19 13
12 19 13
13 19 13
14 19 13
40 19 13
41 19 13
42 19 13
11 20 13
12 20 13
13 20 13
14 20 13
41 20 13
42 20 13
12 21 13
13 21 13
14 21 13
41 21 13
42 21 13
33 4 14
19 5 14
20 5 14
34 5 14
35 5 14
36 5 14
16 6 14
17 6 14
18 6 14
19 6 14
20 6 14
21 6 14
34 6 14
35 6 14
36 6 14
37 6 14
38 6 14
15 7 14
16 7 14
17 7 14
18 7 14
19 7 14
35 7 14
36 7 14
37 7 14
38 7 14
39 7 14
14 8 14
15 8 14
16 8 14
17 8 14
18 8 14
35 8 14
36 8 14
37 8 14
38 8 14
39 8 14
40 8 14
13 9 14
14 9 14
15 9 14
16 9 14
36 9 14
37 9 14
38 9 14
39 9 14
40 9 14
12 10 14
13 10 14
14 10 14
15 10 14
38 10 14
39 10 14
40 10 14
41 10 14
12 11 14
13 11 14
14 11 14
15 11 14
39 11 14
40 11 14
41 11 14
42 11 14
12 12 14
13 12 14
14 12 14
15 12 14
39 12 14
40 12 14
41 12 14
42 12 14
11 13 14
12 13 14
13 13 14
14 13 14
15 13 14
39 13 14
40 13 14
41 13 14
42 13 14
43 13 14
10 14 14
11 14 14
12 14 14
13 14 14
14 14 14
39 14 14
40 14 14
41 14 14
42 14 14
43 14 14
44 14 14
10 15 14
11 15 14
12 15 14
13 15 14
14 15 14
39 15 14
40 15 14
41 15 14
42 15 14
43 15 14
44 15 14
10 16 14
11 16 14
12 16 14
13 16 14
14 16 14
15 16 14
39 16 14
40 16 14
41 16 14
42 16 14
43 16 14
11 17 14
12 17 14
13 17 14
14 17 14
15 17 14
39 17 14
40 17 14
41 17 14
42 17 14
11 18 14
12 18 14
13 18 14
14 18 14
39 18 14
40 18 14
41 18 14
12 19 14
13 19 14
14 19 14
40 19 14
41 19 14
13 20 14
40 20 14
41 20 14
34 38 14
35 38 14
34 39 14
35 39 14
36 39 14
34 40 14
35 40 14
20 4 15
21 4 15
22 4 15
33 4 15
34 4 15
17 5 15
18 5 15
19 5 15
20 5 15
21 5 15
22 5 15
23 5 15
33 5 15
34 5 15
35 5 15
36 5 15
37 5 15
15 6 15
16 6 15
17 6 15
18 6 15
19 6 15
20 6 15
21 6 15
34 6 15
35 6 15
36 6 15
37 6 15
38 6 15
39 6 15
14 7 15
15 7 15
16 7 15
17 7 15
18 7 15
19 7 15
20 7 15
35 7 15
36 7 15
37 7 15
38 7 15
39 7 15
40 7 15
13 8 15
14 8 15
15 8 15
16 8 15
17 8 15
18 8 15
35 8 15
36 8 15
37 8 15
38 8 15
39 8 15
40 8 15
12 9 15
13 9 15
14 9 15
15 9 15
16 9 15
36 9 15
37 9 15
38 9 15
39 9 15
40 9 15
41 9 15
12 10 15
13 10 15
14 10 15
15 10 15
37 10 15
38 10 15
39 10 15
40 10 15
41 10 15
42 10 15
11 11 15
12 11 15
13 11 15
14 11 15
15 11 15
38 11 15
39 11 15
40 11 15
41 11 15
42 11 15
11 12 15
12 12 15
13 12 15
14 12 15
15 12 15
39 12 15
40 12 15
41 12 15
42 12 15
43 12 15
11 13 15
12 13 15
13 13 15
14 13 15
39 13 15
40 13 15
41 13 15
42 13 15
43 13 15
44 13 15
10 14 15
11 14 15
12 14 15
13 14 15
14 14 15
39 14 15
40 14 15
41 14 15
42 14 15
43 14 15
44 14 15
10 15 15
11 15 15
12 15 15
13 15 15
14 15 15
39 15 15
40 15 15
41 15 15
42 15 15
43 15 15
44 15 15
11 16 15
12 16 15
13 16 15
14 16 15
39 16 15
40 16 15
41 16 15
42 16 15
43 16 15
11 17 15
12 17 15
13 17 15
14 17 15
39 17 15
40 17 15
41 17 15
42 17 15
12 18 15
13 18 15
39 18 15
40 18 15
41 18 15
34 37 15
35 37 15
33 38 15
34 38 15
35 38 15
36 38 15
33 39 15
34 39 15
35 39 15
36 39 15
33 40 15
34 40 15
35 40 15
33 41 15
34 41 15
34 42 15
32 3 16
33 3 16
18 4 16
19 4 16
20 4 16
21 4 16
22 4 16
23 4 16
33 4 16
34 4 16
35 4 16
17 5 16
18 5 16
19 5 16
20 5 16
21 5 16
22 5 16
23 5 16
33 5 16
34 5 16
35 5 16
36 5 16
37 5 16
15 6 16
16 6 16
17 6 16
18 6 16
19 6 16
20 6 16
21 6 16
22 6 16
34 6 16
35 6 16
36 6 16
37 6 16
38 6 16
39 6 16
14 7 16
15 7 16
16 7 16
17 7 16
18 7 16
19 7 16
20 7 16
21 7 16
35 7 16
36 7 16
37 7 16
38 7 16
39 7 16
40 7 16
13 8 16
14 8 16
15 8 16
16 8 16
17 8 16
18 8 16
19 8 16
35 8 16
36 8 16
37 8 16
38 8 16
39 8 16
40 8 16
41 8 16
13 9 16
14 9 16
15 9 16
16 9 16
17 9 16
18 9 16
36 9 16
37 9 16
38 9 16
39 9 16
40 9 16
41 9 16
12 10 16
13 10 16
14 10 16
15 10 16
16 10 16
37 10 16
38 10 16
39 10 16
40 10 16
41 10 16
42 10 16
11 11 16
12 11 16
13 11 16
14 11 16
15 11 16
38 11 16
39 11 16
40 11 16
41 11 16
42 11 16
43 11 16
11 12 16
12 12 16
13 12 16
14 12 16
15 12 16
38 12 16
39 12 16
40 12 16
41 12 16
42 12 16
43 12 16
10 13 16
11 13 16
12 13 16
13 13 16
14 13 16
39 13 16
40 13 16
41 13 16
42 13 16
43 13 16
44 13 16
10 14 16
11 14 16
12 14 16
13 14 16
14 14 16
39 14 16
40 14 16
41 14 16
42 14 16
43 14 16
44 14 16
10 15 16
11 15 16
12 15 16
13 15 16
14 15 16
39 15 16
40 15 16
41 15 16
42 15 16
43 15 16
44 15 16
11 16 16
12 16 16
13 16 16
14 16 16
39 16 16
40 16 16
41 16 16
42 16 16
43 16 16
12 17 16
13 17 16
14 17 16
39 17 16
40 17 16
41 17 16
34 37 16
35 37 16
33 38 16
34 38 16
35 38 16
36 38 16
32 39 16
33 39 16
34 39 16
35 39 16
36 39 16
33 40 16
34 40 16
35 40 16
33 41 16
34 41 16
35 41 16
33 42 16
34 42 16
35 42 16
34 43 16
21 3 17
22 3 17
31 3 17
32 3 17
33 3 17
34 3 17
18 4 17
19 4 17
20 4 17
21 4 17
22 4 17
23 4 17
31 4 17
32 4 17
33 4 17
34 4 17
35 4 17
17 5 17
18 5 17
19 5 17
20 5 17
21 5 17
22 5 17
23 5 17
32 5 17
33 5 17
34 5 17
35 5 17
36 5 17
37 5 17
38 5 17
15 6 17
16 6 17
17 6 17
18 6 17
19 6 17
20 6 17
21 6 17
22 6 17
34 6 17
35 6 17
36 6 17
37 6 17
38 6 17
39 6 17
14 7 17
15 7 17
16 7 17
17 7 17
18 7 17
19 7 17
20 7 17
21 7 17
35 7 17
36 7 17
37 7 17
38 7 17
39 7 17
40 7 17
14 8 17
15 8 17
16 8 17
17 8 17
18 8 17
19 8 17
35 8 17
36 8 17
37 8 17
38 8 17
39 8 17
40 8 17
41 8 17
12 9 17
13 9 17
14 9 17
15 9 17
16 9 17
17 9 17
18 9 17
36 9 17
37 9 17
38 9 17
39 9 17
40 9 17
41 9 17
12 10 17
13 10 17
14 10 17
15 10 17
16 10 17
17 10 17
37 10 17
38 10 17
39 10 17
40 10 17
41 10 17
42 10 17
11 11 17
12 11 17
13 11 17
14 11 17
15 11 17
16 11 17
38 11 17
39 11 17
40 11 17
41 11 17
42 11 17
43 11 17
10 12 17
11 12 17
12 12 17
13 12 17
14 12 17
15 12 17
38 12 17
39 12 17
40 12 17
41 12 17
42 12 17
43 12 17
10 13 17
11 13 17
12 13 17
13 13 17
14 13 17
39 13 17
40 13 17
41 13 17
42 13 17
43 13 17
44 13 17
9 14 17
10 14 17
11 14 17
12 14 17
13 14 17
14 14 17
39 14 17
40 14 17
41 14 17
42 14 17
43 14 17
44 14 17
45 14 17
10 15 17
11 15 17
12 15 17
13 15 17
14 15 17
38 15 17
39 15 17
40 15 17
41 15 17
42 15 17
43 15 17
44 15 17
11 16 17
12 16 17
13 16 17
39 16 17
40 16 17
41 16 17
42 16 17
43 16 17
40 17 17
41 17 17
35 36 17
34 37 17
35 37 17
33 38 17
34 38 17
35 38 17
36 38 17
32 39 17
33 39 17
34 39 17
35 39 17
36 39 17
32 40 17
33 40 17
34 40 17
35 40 17
33 41 17
34 41 17
35 41 17
33 42 17
34 42 17
35 42 17
34 43 17
21 3 18
22 3 18
32 3 18
33 3 18
34 3 18
18 4 18
19 4 18
20 4 18
21 4 18
22 4 18
23 4 18
32 4 18
33 4 18
34 4 18
35 4 18
36 4 18
17 5 18
18 5 18
19 5 18
20 5 18
21 5 18
22 5 18
32 5 18
33 5 18
34 5 18
35 5 18
36 5 18
37 5 18
38 5 18
15 6 18
16 6 18
17 6 18
18 6 18
19 6 18
20 6 18
21 6 18
35 6 18
36 6 18
37 6 18
38 6 18
39 6 18
14 7 18
15 7 18
16 7 18
17 7 18
18 7 18
19 7 18
20 7 18
35 7 18
36 7 18
37 7 18
38 7 18
39 7 18
40 7 18
13 8 18
14 8 18
15 8 18
16 8 18
17 8 18
18 8 18
19 8 18
20 8 18
35 8 18
36 8 18
37 8 18
38 8 18
39 8 18
40 8 18
41 8 18
12 9 18
13 9 18
14 9 18
15 9 18
16 9 18
17 9 18
18 9 18
19 9 18
36 9 18
37 9 18
38 9 18
39 9 18
40 9 18
41 9 18
11 10 18
12 10 18
13 10 18
14 10 18
15 10 18
16 10 18
17 10 18
38 10 18
39 10 18
40 10 18
41 10 18
42 10 18
11 11 18
12 11 18
13 11 18
14 11 18
15 11 18
16 11 18
38 11 18
39 11 18
40 11 18
41 11 18
42 11 18
43 11 18
10 12 18
11 12 18
12 12 18
13 12 18
14 12 18
15 12 18
16 12 18
40 12 18
41 12 18
42 12 18
43 12 18
44 12 18
10 13 18
11 13 18
12 13 18
13 13 18
14 13 18
40 13 18
41 13 18
42 13 18
43 13 18
44 13 18
10 14 18
11 14 18
12 14 18
13 14 18
14 14 18
38 14 18
39 14 18
40 14 18
41 14 18
42 14 18
43 14 18
44 14 18
13 15 18
39 15 18
40 15 18
41 15 18
42 15 18
43 15 18
44 15 18
40 16 18
41 16 18
42 16 18
34 36 18
35 36 18
34 37 18
35 37 18
33 38 18
34 38 18
35 38 18
32 39 18
33 39 18
34 39 18
35 39 18
33 40 18
34 40 18
35 40 18
33 41 18
34 41 18
35 41 18
33 42 18
34 42 18
35 42 18
36 46 18
36 47 18
37 47 18
38 47 18
21 3 19
32 3 19
33 3 19
18 4 19
19 4 19
20 4 19
21 4 19
22 4 19
32 4 19
33 4 19
34 4 19
35 4 19
36 4 19
17 5 19
18 5 19
19 5 19
20 5 19
21 5 19
33 5 19
35 5 19
36 5 19
37 5 19
16 6 19
17 6 19
18 6 19
19 6 19
20 6 19
36 6 19
37 6 19
38 6 19
39 6 19
15 7 19
16 7 19
17 7 19
18 7 19
19 7 19
20 7 19
35 7 19
36 7 19
37 7 19
38 7 19
39 7 19
40 7 19
14 8 19
15 8 19
16 8 19
17 8 19
18 8 19
19 8 19
36 8 19
37 8 19
38 8 19
39 8 19
40 8 19
12 9 19
13 9 19
14 9 19
15 9 19
16 9 19
17 9 19
18 9 19
40 9 19
11 10 19
12 10 19
13 10 19
14 10 19
15 10 19
16 10 19
42 10 19
11 11 19
12 11 19
13 11 19
14 11 19
15 11 19
16 11 19
42 11 19
43 11 19
10 12 19
11 12 19
16 12 19
41 12 19
42 12 19
43 12 19
44 12 19
10 13 19
11 13 19
40 13 19
41 13 19
42 13 19
43 13 19
44 13 19
40 14 19
41 14 19
42 14 19
43 14 19
44 14 19
40 15 19
41 15 19
42 15 19
43 15 19
34 36 19
35 36 19
34 37 19
35 37 19
33 38 19
34 38 19
35 38 19
33 39 19
34 39 19
35 39 19
33 40 19
34 40 19
35 40 19
33 41 19
34 41 19
35 41 19
33 42 19
34 42 19
36 45 19
36 46 19
37 46 19
36 47 19
37 47 19
38 47 19
34 48 19
35 48 19
19 4 20
20 4 20
34 4 20
35 4 20
18 5 20
19 5 20
20 5 20
35 5 20
36 5 20
37 5 20
16 6 20
17 6 20
18 6 20
19 6 20
36 6 20
37 6 20
38 6 20
15 7 20
16 7 20
17 7 20
18 7 20
19 7 20
36 7 20
37 7 20
38 7 20
39 7 20
15 8 20
16 8 20
17 8 20
18 8 20
19 8 20
37 8 20
38 8 20
18 9 20
15 10 20
15 11 20
42 13 20
43 13 20
44 13 20
41 14 20
42 14 20
30 32 20
30 33 20
31 33 20
34 36 20
35 36 20
34 37 20
35 37 20
33 38 20
34 38 20
35 38 20
33 39 20
34 39 20
35 39 20
33 40 20
34 40 20
35 40 20
33 41 20
34 41 20
36 45 20
36 46 20
36 47 20
37 47 20
34 48 20
35 48 20
34 49 20
17 6 21
18 6 21
37 6 21
38 6 21
17 7 21
18 7 21
19 7 21
38 7 21
18 8 21
30 33 21
31 33 21
31 34 21
34 36 21
34 37 21
35 37 21
34 38 21
35 38 21
33 39 21
34 39 21
35 39 21
33 40 21
34 40 21
35 40 21
33 41 21
34 41 21
36 46 21
30 33 22
31 33 22
34 36 22
33 37 22
34 37 22
34 38 22
35 38 22
47 38 22
48 38 22
34 39 22
35 39 22
47 39 22
48 39 22
34 40 22
36 46 22
47 37 23
34 38 23
46 38 23
47 38 23
48 38 23
34 39 23
35 39 23
47 39 23
48 39 23
46 37 24
47 37 24
46 38 24
47 38 24
48 38 24
47 39 24
48 39 24
46 37 25
47 37 25
46 38 25
47 38 25
48 38 25
47 39 25
48 39 25
44 37 26
45 37 26
46 37 26
47 37 26
43 38 26
44 38 26
45 38 26
46 38 26
47 38 26
48 38 26
42 39 26
43 39 26
44 39 26
45 39 26
46 39 26
47 39 26
42 40 26
43 40 26
44 40 26
45 40 26
36 15 27
44 37 27
45 37 27
46 37 27
42 38 27
43 38 27
44 38 27
45 38 27
46 38 27
47 38 27
41 39 27
42 39 27
43 39 27
44 39 27
45 39 27
46 39 27
41 40 27
42 40 27
43 40 27
44 40 27
45 40 27
44 41 27
45 41 27
36 14 28
35 15 28
36 15 28
35 16 28
36 16 28
37 16 28
36 17 28
37 17 28
44 37 28
45 37 28
46 37 28
42 38 28
43 38 28
44 38 28
45 38 28
46 38 28
41 39 28
42 39 28
43 39 28
44 39 28
45 39 28
46 39 28
42 40 28
43 40 28
44 40 28
45 40 28
43 41 28
44 41 28
45 41 28
36 17 29
43 36 29
44 36 29
43 37 29
44 37 29
45 37 29
46 37 29
41 38 29
42 38 29
43 38 29
44 38 29
45 38 29
46 38 29
41 39 29
42 39 29
43 39 29
44 39 29
45 39 29
46 39 29
43 40 29
44 40 29
45 40 29
44 41 29
36 17 30
36 18 30
42 35 30
43 35 30
44 35 30
42 36 30
43 36 30
44 36 30
45 36 30
42 37 30
43 37 30
44 37 30
45 37 30
46 37 30
41 38 30
42 38 30
43 38 30
44 38 30
45 38 30
46 38 30
42 39 30
43 39 30
44 39 30
45 39 30
43 40 30
44 40 30
45 40 30
44 41 30
35 17 31
36 17 31
37 22 31
44 34 31
42 35 31
43 35 31
44 35 31
45 35 31
41 36 31
42 36 31
43 36 31
44 36 31
45 36 31
46 36 31
41 37 31
42 37 31
43 37 31
44 37 31
45 37 31
46 37 31
41 38 31
42 38 31
43 38 31
44 38 31
45 38 31
46 38 31
42 39 31
43 39 31
44 39 31
45 39 31
43 40 31
44 40 31
45 40 31
36 16 32
35 17 32
36 17 32
35 18 32
36 21 32
35 22 32
36 22 32
37 22 32
35 23 32
36 23 32
37 23 32
38 23 32
36 24 32
37 24 32
38 24 32
37 25 32
38 25 32
43 34 32
44 34 32
42 35 32
43 35 32
44 35 32
45 35 32
41 36 32
42 36 32
43 36 32
44 36 32
45 36 32
46 36 32
41 37 32
42 37 32
43 37 32
44 37 32
45 37 32
46 37 32
41 38 32
42 38 32
43 38 32
44 38 32
45 38 32
46 38 32
42 39 32
43 39 32
44 39 32
45 39 32
43 40 32
44 40 32
45 40 32
45 41 32
35 16 33
36 16 33
35 17 33
35 20 33
36 20 33
35 21 33
36 21 33
35 22 33
36 22 33
37 22 33
36 23 33
37 23 33
38 23 33
37 24 33
38 24 33
44 34 33
42 35 33
43 35 33
44 35 33
45 35 33
42 36 33
43 36 33
44 36 33
45 36 33
42 37 33
43 37 33
44 37 33
45 37 33
46 37 33
41 38 33
42 38 33
43 38 33
44 38 33
45 38 33
42 39 33
43 39 33
44 39 33
45 39 33
44 40 33
45 40 33
35 16 34
36 19 34
37 19 34
35 20 34
36 20 34
35 21 34
36 21 34
37 22 34
37 23 34
44 35 34
45 35 34
43 36 34
44 36 34
45 36 34
42 37 34
43 37 34
44 37 34
45 37 34
41 38 34
42 38 34
43 38 34
44 38 34
45 38 34
42 39 34
43 39 34
44 39 34
44 40 34
37 18 35
38 18 35
36 19 35
37 19 35
38 19 35
39 19 35
36 20 35
37 20 35
44 36 35
45 36 35
43 37 35
44 37 35
42 38 35
43 38 35
44 38 35
42 39 35
43 39 35
44 39 35
28 40 35
43 40 35
27 41 35
28 41 35
29 41 35
27 42 35
28 42 35
29 42 35
39 19 36
43 37 36
44 37 36
42 38 36
43 38 36
43 39 36
27 40 36
28 40 36
29 40 36
26 41 36
27 41 36
28 41 36
29 41 36
30 41 36
27 42 36
28 42 36
29 42 36
29 38 37
27 39 37
28 39 37
29 39 37
30 39 37
27 40 37
28 40 37
29 40 37
30 40 37
26 41 37
27 41 37
28 41 37
29 41 37
27 42 37
28 42 37
29 42 37
28 38 38
29 38 38
30 38 38
27 39 38
28 39 38
29 39 38
30 39 38
26 40 38
27 40 38
28 40 38
29 40 38
26 41 38
27 41 38
28 41 38
29 41 38
27 42 38
28 42 38
28 37 39
29 37 39
27 38 39
28 38 39
29 38 39
30 38 39
27 39 39
28 39 39
29 39 39
30 39 39
26 40 39
27 40 39
28 40 39
29 40 39
26 41 39
27 41 39
28 41 39
29 41 39
28 37 40
29 37 40
27 38 40
28 38 40
29 38 40
30 38 40
27 39 40
28 39 40
29 39 40
30 39 40
25 40 40
26 40 40
27 40 40
28 40 40
29 40 40
27 41 40
28 41 40
29 41 40
28 38 41
29 38 41
27 39 41
28 39 41
29 39 41
27 40 41
28 40 41
29 40 41
27 41 41
28 41 41
28 40 42
28 41 42