-116.783460
-86.510013
-96.620643
-110.354735
-109.711863
-92.821851
-56.704111
-164.239132
-105.971514
-257.163417
-179.609627
-96.854415
-88.847731
-369.841418
-261.195980
-170.434084
-76.925370
-56.119681
-94.867355
-286.560219
-319.989585
-251.903552
-79.905960
-15.151176
-413.030755
-366.159512
-333.139248
-137.764477
-44.431092
-270.839067
-510.864248
-380.302705
-296.495520
-239.455204
-220.636576
-112.224910
-29.761912
-537.046688
-422.440070
-281.125025
-73.068136
-50.567601
-206.493382
-115.731487
-155.589576
-47.937669
-102.055837
-12.813458
-174.408205
-66.405640
-19.475954
-399.238220
-337.171811
-192.233304
-300.177426
-287.261535
-184.460392
-127.478519
-179.375855
-386.205443
-253.247740
-332.847033
-268.559792
-123.913499
-145.362060
-201.291960
-192.467075
-237.701916
-229.052360
-238.111017
-294.099359
-200.532202
-90.484134
-137.238491
-253.130854
-214.207851
-172.304259
-191.765760
-179.609627
-162.252072
-248.630747
-321.216886
-165.466434
-34.086690
-102.698709
-379.601390
-411.745011
-186.038351
-151.089469
-158.803938
-259.208920
-172.888688
-218.591072
-128.588935
-38.411468
-251.611337
-283.754958
-174.057547
-113.861312
-66.113425
-205.616738
-111.582037
-96.620643
-70.671975
-33.268489
-170.843185
-128.881149
-121.809553
-74.470766
-108.952105
57.610293
22.602968
12.141680
30.025222
13.953412
-70.788861
-90.659462
-68.684915
-76.808484
14.946942
62.987044
-185.337036
-136.361847
-53.548191
-22.573430
-74.996753
2.966138
-51.619574
-170.492527
-203.337463
-322.093531
-221.688549
-84.990497
-146.823134
-434.303988
-519.455361
-564.047329
-67.457613
-147.933550
-161.375428
-298.950124
-179.025198
-290.534340
-361.659405
-254.358156
-64.944566
-115.205500
-108.718333
-163.362488
-215.084496
-155.180475
-306.547707
-333.489905
-192.233304
-29.820355
-73.009693
-77.977343
-84.464510
-94.633583
-145.829604
-256.988088
-232.500494
-135.134545
-134.725444
-103.575354
-83.880081
-47.645454
-141.738598
-131.043538
-122.335539
-86.334684
-58.808057
-233.377138
-148.693308
-76.808484
-29.469697
-17.372008
-116.140587
-74.704538
-66.990069
-61.613318
-52.671547
-40.340085
-52.437775
-13.339444
16.992445
-52.963762
-7.086049
30.492766
-0.657325
-68.158928
23.421169
-42.151817
-83.996967
-39.463441
-41.450501
-93.289395
-42.268703
-25.086476
-31.865858
-109.828749
-100.244106
-74.762981
-56.295010
-82.944994
-87.737315
-139.809980
-73.711008
-31.047657
-39.346555
-5.800304
-321.625987
-294.274688
-320.398685
-195.973652
-340.795274
-192.993062
-193.168391
-270.780624
-53.139091
-92.178979
-79.263088
-354.003379
-484.798694
-647.036313
27.103075
-26.722879
-110.997608
-147.875107
-66.288754
-161.726085
-206.610268
-387.958731
8.985761
-22.514987
-127.653848
-42.794689
-110.004078
-61.554875
-48.989642
-130.868210
-233.961567
-261.429752
-27.307308
-43.905105
-71.081075
-9.014666
-18.073323
-34.495791
-28.242396
-73.886337
-188.609841
-187.090324
-140.277524
-35.489321
2.206380
-42.677803
-12.988787
16.349573
-37.359495
-66.639411
-87.211329
-42.970018
-62.899063
0.453091
-40.690743
26.635531
54.863474
-13.923874
-46.476595
-13.105672
51.824441
0.979078
-27.073537
-15.735605
103.897107
47.616549
60.357111
-5.858747
-58.106741
-20.411041
-6.150962
-19.592839
-37.476381
20.966565
3.901225
49.662052
-25.144919
-34.028247
4.134997
-14.099203
-56.704111
-98.257045
-73.418793
-53.548191
-112.517124
-99.893448
-62.489962
-57.463869
-83.704752
-32.333402
-299.067010
-136.712504
-71.723948
-139.459323
-373.289552
-137.413820
-74.646095
-70.613532
-46.125937
-102.640266
-266.923389
-75.814954
-41.918045
-187.090324
-118.478305
-198.194484
-338.165341
-73.827894
-84.055409
41.772254
-86.393127
-103.633797
-270.897510
-451.778429
-47.762340
-49.106527
49.895824
-15.969377
-139.809980
-62.606848
16.875559
-29.761912
-24.443604
-102.640266
-22.339658
-73.886337
-120.757580
35.635745
-34.028247
-111.348266
-30.580113
-21.872114
38.090349
52.525757
8.050674
-24.209832
-131.277310
-157.576636
94.370906
-78.561773
-70.905747
44.168415
28.213491
-24.852705
78.240653
52.934857
-7.670478
-123.971942
-90.834791
-124.497928
20.089921
-87.971087
-9.540653
61.642856
76.253593
88.877269
41.129382
22.486082
-121.108238
-74.529209
-48.229883
-21.579900
-44.781749
12.258566
34.700658
70.701513
47.791878
27.745947
-49.164970
29.440793
32.713598
-39.463441
-3.754801
91.507202
114.592166
55.973890
-81.542363
-30.521670
62.753272
143.579867
93.786477
47.967207
-60.444459
-17.138236
21.492552
-39.580327
67.078050
10.096177
-31.632086
-129.640908
-97.555730
-133.205928
-146.823134
44.635959
-264.994772
50.363368
-4.397673
-18.716195
-161.433871
-83.470980
-146.881577
-143.316557
-112.634010
-86.510013
-41.918045
-115.380829
-68.743358
-145.245175
-101.705179
-23.917618
-20.586370
-16.027820
-41.508944
-16.553806
-103.458468
-39.814099
0.043991
64.214346
-128.062948
-44.547978
-81.367034
-171.310729
-0.540439
21.258780
57.610293
-21.287685
-58.340513
-138.816450
-172.888688
-11.878371
17.167774
73.331445
83.734290
-32.450288
6.355829
-76.165612
-174.232876
-188.902056
6.648044
49.311394
59.071367
-19.066853
-10.417297
4.777869
-3.988573
-46.768810
9.102647
-93.581610
-33.093160
-19.885054
121.137776
44.460630
69.181996
33.473356
1.855722
-69.327787
31.427853
-16.320034
-90.776348
-41.392059
39.668308
115.761025
-34.203576
51.356898
19.505492
73.974318
-55.593695
-94.984240
-42.210260
-0.949540
-103.516911
5.303856
89.578585
90.104571
99.280114
38.616335
100.507416
-84.873611
-80.607276
-30.463228
-37.710153
-100.302549
61.467527
65.675419
107.462126
74.734076
147.787759
-94.049153
-81.776135
3.199910
-62.840620
-101.763622
21.960095
31.603182
103.780221
127.683386
-29.060597
-3.579472
-93.932267
-6.384734
63.454588
114.942823
130.663976
-20.586370
-21.229242
-14.332974
74.850962
101.150288
13.018325
36.629275
-107.724803
-68.918686
7.174030
-100.185663
-54.541722
61.525970
81.338129
-77.977343
-56.820996
-77.802014
-119.354949
-45.424622
4.193440
-26.430664
108.806314
158.015275
70.876842
5.186970
-200.064658
-51.794903
10.563721
-30.872328
-66.171868
-46.067494
63.805245
-16.612249
-35.021777
-36.716623
-193.519048
5.771399
60.473997
66.142963
5.888285
-6.676948
-47.587011
-90.191919
-48.697427
41.830697
-61.613318
-28.008624
-3.462586
-28.476167
61.818185
37.564362
-86.510013
-31.573644
-17.372008
-16.553806
2.907695
-86.685342
-11.293941
-51.970232
-28.709939
-35.197106
10.329949
42.824227
86.948652
48.434750
-35.372435
-96.386871
-94.166039
34.934430
64.389675
87.825296
24.648471
69.298882
-59.041828
-96.620643
-22.865644
18.453519
139.313532
85.136921
102.494476
52.233542
22.135424
-55.067708
-73.068136
-7.962693
20.908122
31.603182
56.032333
53.051743
109.098529
84.494048
45.337274
-19.826611
-25.846235
-31.573644
-29.469697
-65.412110
13.719640
59.422024
199.918868
-23.742289
65.558534
12.842996
37.564362
-17.313565
-70.262874
-115.789929
-78.912430
44.928173
97.819040
100.916516
131.189963
75.143177
-1.650855
109.098529
-3.111929
-75.814954
-13.865431
-81.074819
-84.464510
15.882029
69.649540
157.489288
28.271934
127.332728
0.803749
-54.892379
13.602754
-91.711435
-94.984240
36.220174
74.734076
32.713598
113.423307
-18.014880
-22.281215
-83.412537
-130.108451
0.569977
164.210227
28.505706
20.031478
-142.849014
-38.411468
48.025650
-174.115990
-110.062521
-29.469697
13.485868
60.532440
51.941327
39.142322
133.469237
104.773751
-60.561345
-20.294155
-0.131338
81.688787
30.784980
-6.092519
-38.177696
-14.449860
4.134997
33.882457
-17.547336
-205.382966
114.358394
125.111896
257.952714
64.331232
-45.599951
-62.139305
81.864116
85.020035
4.544097
21.726324
64.915661
69.123553
79.234183
82.331659
29.674564
7.875345
-56.178124
-322.853289
11.907909
115.527253
130.488647
122.131306
71.928815
59.889568
101.968489
-10.651069
-39.872542
-23.976060
123.650822
14.479398
-28.593053
-64.301694
12.959882
33.122698
20.031478
-5.975633
-12.345914
-102.523381
-92.003650
11.440365
54.045273
8.635104
20.557465
-148.868637
55.740119
-30.872328
4.310326
-0.657325
-52.613104
14.654727
-0.189781
-14.508303
3.375239
83.383632
177.126119
-8.138022
-85.691812
-28.417724
-15.910934
-12.053699
3.609010
45.454160
133.819895
-389.010704
-87.971087
37.213705
-70.496646
-114.270413
-51.678017
-46.184380
4.719426
117.981857
138.261559
40.311181
25.817330
21.200337
-53.255977
-79.672189
-16.553806
34.525329
131.599063
113.189535
139.255089
102.611362
56.032333
-44.080434
-26.956651
-23.683846
30.317437
38.207235
95.305993
111.436247
218.153067
-28.885268
103.780221
20.908122
-41.801159
-59.684701
-47.762340
-38.528354
14.128741
93.318933
116.579226
161.054308
143.404538
77.013351
23.947156
10.797493
-33.268489
-65.178338
-90.893234
-22.514987
65.441648
115.235038
149.190390
157.489288
65.733862
60.707769
16.992445
-34.378905
-124.088828
-75.639625
9.920849
91.214987
203.717659
-26.605993
25.174458
-3.287257
-34.028247
-139.108665
-82.068349
60.357111
142.995438
19.154834
-20.235712
-113.685983
-130.400666
5.420742
-225.195125
-176.629037
-152.258328
-125.549902
-67.749827
21.784767
-19.534397
33.824014
40.077409
50.363368
55.214132
97.935926
100.916516
27.921276
100.682744
105.241294
-50.509158
18.979505
-8.839337
43.934643
12.141680
39.025436
134.638096
91.390316
151.586551
112.721991
113.481750
167.132375
52.642642
5.420742
41.187825
61.175313
190.451110
-32.274959
125.345668
104.949080
96.942396
-36.599737
-226.539313
39.551422
143.170767
143.579867
109.741401
36.570832
64.389675
119.735145
66.084520
32.538269
-17.956437
-0.248224
-6.384734
74.208090
-113.393769
-34.788006
72.630130
79.993941
77.889995
55.097246
29.908336
76.195150
129.436674
-60.386016
-35.080220
-19.534397
169.060992
103.838664
87.649967
64.389675
29.031692
-23.274745
-57.931412
-63.717264
-50.567601
-37.242609
-23.450074
-12.521243
30.083665
124.936567
74.208090
77.831552
-166.752179
38.324121
-30.287899
-50.216943
-46.067494
-27.833295
-11.703042
14.070298
50.071153
87.240867
12.141680
45.512603
86.831766
92.851390
-32.742502
-72.600592
-45.249293
19.797706
-18.716195
-13.573216
-29.761912
81.221243
178.704078
-187.090324
8.167560
-40.340085
-77.626685
-105.503971
-54.249507
-38.645240
-1.650855
128.034043
184.431487
276.829785
122.949507
-1.007982
-22.456544
37.973463
6.297386
-38.586797
-24.502047
43.583986
94.721564
114.007736
85.546021
166.489502
50.538696
29.557679
15.122271
21.901653
6.589601
36.278617
86.364223
115.527253
109.799844
163.275140
157.547731
114.007736
19.739264
18.628848
-48.580541
-40.164757
-6.969163
84.318719
144.456511
155.619114
160.528322
249.361600
51.181569
102.026932
39.609865
-60.210687
-35.781536
-57.346983
41.538483
108.163442
162.281610
181.859997
78.065324
100.215201
43.350214
-23.450074
-40.866072
-127.770733
-34.788006
66.552064
119.852031
84.143391
-13.456330
-53.372863
-62.606848
-177.213466
-81.600806
65.733862
-265.462316
-177.388795
-212.045462
-175.869278
-81.016376
24.414699
-177.271909
-87.503543
-20.235712
30.142108
61.876628
28.622591
66.376735
105.007523
-17.722665
79.701727
138.436888
-25.904678
55.447904
148.839732
0.803749
27.395290
50.363368
-117.251003
-35.021777
76.370479
-42.619360
46.973677
105.416623
143.404538
100.332087
170.814280
104.423093
164.327113
131.832835
215.756906
122.423521
61.525970
86.773323
134.988754
50.012710
72.104144
103.429563
145.683813
51.240012
138.553774
159.593235
91.799417
-15.268061
-90.776348
-279.430180
-326.184537
78.766640
169.879193
162.866040
162.340053
42.941113
68.948225
148.255303
21.375666
-0.365110
-7.261378
11.674137
-60.561345
55.973890
-97.438844
10.154620
92.266960
89.403256
105.065965
66.844278
31.836953
96.767067
118.274071
21.843210
36.044846
1.037521
219.731027
142.352565
34.466886
33.005812
7.933788
-4.748331
15.297600
9.161090
-7.378264
108.455656
111.085589
119.209159
241.296474
82.623874
79.117297
-76.399383
56.908978
27.979719
-10.826398
-41.801159
-49.983172
-17.781108
-17.605779
46.973677
101.734718
146.969558
18.395076
57.142749
112.312891
44.109972
-39.346555
-39.697213
-17.255122
31.486296
34.875987
20.674351
31.252524
-16.378477
91.974745
133.293909
200.912398
-11.761485
10.622164
71.636600
40.720281
-8.722451
25.057572
-33.852918
26.577088
113.949293
138.962874
117.455870
109.215415
-75.756511
-16.495363
39.200765
125.930097
87.708410
-27.190423
-10.884840
47.207448
98.812570
79.292626
35.811074
134.170553
131.774392
27.395290
146.677343
83.032975
43.350214
32.655155
89.111041
86.597994
100.390530
74.967848
271.628363
-4.748331
69.298882
68.013137
123.943037
32.129168
8.985761
2.966138
103.254234
135.806955
146.034471
113.657079
147.144887
33.005812
25.642001
122.248192
114.767495
-19.475954
-21.930557
-109.945635
-53.957292
47.441220
99.747657
111.611575
52.817971
28.564148
139.196646
86.831766
-41.275173
-129.114921
-39.989428
24.414699
27.804390
-36.424408
-96.386871
-23.450074
-216.136469
-239.162990
-151.381684
-252.254210
-181.070701
-59.509372
30.083665
-191.590431
-169.966541
-53.197534
46.213918
95.715094
-113.218440
-54.892379
40.369624
114.709052
-36.190636
57.259635
139.313532
-21.229242
15.531371
140.482391
-41.508944
51.882884
61.350641
13.427425
70.701513
-193.168391
92.909833
142.761666
193.373258
134.345882
179.580722
107.520569
203.016344
259.647559
39.960523
-170.960071
-308.125666
53.928387
157.489288
70.526184
87.240867
95.481322
103.020462
192.555056
156.437315
90.922772
49.019180
7.407802
-184.811049
-227.065300
-7.845807
116.053239
179.346950
142.527894
64.740332
137.209586
125.053453
87.825296
129.202902
63.103930
171.632482
33.707128
15.706700
134.754982
125.696326
168.009019
113.481750
47.733435
114.884380
164.619328
168.067462
119.559816
266.894484
159.301020
-0.014452
-71.957720
66.435178
59.831125
48.551636
74.032761
52.116656
5.537628
26.810860
103.312677
131.540620
187.762735
278.758403
103.721778
76.078264
-62.080862
-151.498570
-14.508303
34.116228
41.889140
46.798348
56.382991
28.622591
-18.833081
56.792092
177.126119
195.068103
16.408016
48.084093
14.070298
-117.426332
57.610293
88.234397
79.701727
43.993086
14.187184
6.414272
91.273430
41.304711
59.538910
89.987685
119.618259
32.479826
44.577516
169.762307
142.936995
44.752845
-16.086263
28.681034
67.487151
81.104357
92.150074
20.148364
131.715949
17.927532
-2.059956
72.279472
88.994155
73.156117
-12.813458
-16.261592
84.318719
42.356684
68.246909
67.487151
163.801127
91.565645
26.051102
152.930739
114.533723
64.097460
41.596926
36.044846
44.986616
14.362512
200.035754
30.843423
65.909191
158.658147
124.995010
57.434964
-87.386657
-25.904678
29.090135
60.123340
68.422238
36.629275
94.663121
41.480040
-68.568029
-12.930344
15.531371
4.777869
-43.788219
-10.651069
-81.308591
-86.042470
-62.022419
-178.499211
-151.673899
-219.175502
-105.445528
-218.532629
-128.822707
0.277762
-190.830673
-212.279234
-31.632086
86.597994
-61.788647
50.071153
137.151143
-39.814099
27.044632
126.456084
6.414272
-34.320462
95.539765
1.797279
-32.099630
32.772041
72.279472
-6.501619
131.189963
132.943251
-17.722665
15.998915
92.559175
60.298668
129.553560
172.976669
145.800699
13.018325
-233.143366
-262.773940
82.156330
101.559389
90.046128
147.320216
93.377376
118.624729
92.792947
136.625157
-45.950608
110.734931
186.067889
110.267388
76.545808
160.060778
233.815777
125.696326
197.990250
68.305352
46.915234
127.274285
173.035112
111.962233
48.785408
61.759742
144.690283
181.567782
149.599491
289.804119
262.511263
148.196860
96.883953
129.553560
124.878124
143.872082
108.338770
24.706914
79.935498
159.242577
220.490785
134.170553
107.637455
-280.891253
-15.151176
86.948652
99.572328
97.760597
101.734718
65.383205
71.227499
-243.779982
-7.553592
132.592593
150.008591
92.266960
39.376094
14.479398
-8.138022
-10.241968
61.409084
83.208303
29.616121
-16.553806
102.669805
131.189963
44.109972
-11.644599
-36.482851
42.298241
95.539765
95.247550
77.364009
81.396572
3.083024
-20.878584
-1.183311
16.408016
19.037948
116.579226
-43.379119
3.959668
32.655155
22.369196
42.999556
-16.144706
13.661197
24.882243
13.953412
-117.192560
-41.567387
-171.602943
-20.527927
-135.368317
-38.762126
68.246909
-102.990924
16.232687
114.825938
-52.729990
33.298027
122.131306
-21.696786
-2.585942
97.409939
59.889568
-71.139518
13.894969
-8.371794
126.982070
-45.190850
9.394862
53.285515
-47.119467
-62.899063
-64.593908
43.057999
173.385770
-80.957933
54.454374
103.429563
169.879193
160.294550
182.152212
6.414272
142.118794
226.335079
124.176809
86.130451
231.945602
137.852458
125.520997
13.544311
145.040941
182.385984
156.495758
76.545808
96.767067
97.293054
198.048693
160.177664
134.754982
136.683600
146.735786
168.710334
61.292199
100.098315
158.950362
64.798775
63.805245
-8.605566
90.104571
98.812570
95.013779
62.402614
85.195364
96.650181
55.857004
24.999129
-31.398315
52.233542
-58.165184
43.759315
-57.346983
6.589601
92.676061
-41.918045
31.252524
125.813211
-43.963548
3.199910
77.130237
54.162159
-19.592839
-12.579686
-38.119254
-71.139518
-95.451784
-59.860030
-56.061238
-65.178338
185.483460
171.924696
159.651678
83.383632
138.436888
228.263697
139.781076
171.281824
88.935712
12.784553
6.648044
57.084306
1.037521
-33.911361
47.791878
8.226003
81.747230
-32.625617
4.602540
63.396145
6.648044
-20.235712
23.362726
112.137562
-48.054554
-79.146202
63.337702
50.889354
-31.573644
-34.145133
-22.924087
-2.001513
29.207021
-36.775066
-286.209562
-22.924087
-15.151176
-39.755656
-443.888631
-47.119467
-76.691598
-70.321317
-20.001940
-72.717478
-58.749614
-201.175074
-27.482637
-65.528995
-79.730631
-348.100642
-68.100485
-69.678445
-138.933336
-39.054341
-87.912644
-51.385802
-242.611123
-49.048085
-75.698068
-103.926011
-11.761485
-141.095725
-3.696358
-263.825913
-63.775707
-8.430237
-0.306667
-64.301694
-104.159783
-50.158501
-60.970446
-27.190423
29.849893
-303.742445
124.644353
-30.813885
-47.353239
-0.891097
-49.106527
38.674778
36.453946
42.532013
27.512175
-60.444459
296.291286
-142.381470
-9.774424
46.506133
-48.171440
-155.823348
-153.134972
-125.140801
94.195577
151.352779
62.227286
50.830911
10.446835
-58.749614
-134.141015
-1.417083
44.986616
20.031478
60.999984
17.985975
-88.380188
3.375239
-13.281001
309.031849
136.975814
328.201135
139.021317
266.660713
185.483460
179.346950
87.416196
-141.913927
-65.762767
144.924055
-22.865644
-75.288968
-143.433443
-170.141870
95.422879
75.844492
93.143604
102.436033
-56.645668
-185.863022
-6.034076
67.311822
100.565859
42.824227
-24.911148
10.797493
18.511962
9.044204
97.585268
-116.374359
-84.815168
-113.627540
-132.387726
-98.607703
173.911756
10.797493
25.525115
33.590242
-90.191919
-175.693950
29.966779
140.423948
145.683813
147.378659
19.914592
-74.295437
-11.118612
116.754555
50.772468
2.206380
3.492124
-8.722451
-25.086476
-158.102623
-94.925798
-63.541935
-134.959216
-145.771161
-111.815809
-54.658607
-82.944994
-43.671333
-94.224482
-117.601661
63.980574
-23.391631
19.447049
61.584413
-23.391631
-100.127220
0.453091
96.591738
122.774178
48.200978
-21.463014
71.870372
22.193867
12.842996
-28.943711
9.628634
20.148364
194.425231
-55.067708
-162.719616
-143.667215
-72.717478
-40.456971
-44.080434
-90.425691
-84.522953
-122.861526
-97.029744
37.856577
-59.801587
-36.249079
-4.397673
-78.328001
-107.198816
-48.405212
-94.049153
15.940472
77.188680
11.381922
-54.249507
-99.250576
-30.989214
43.467100
41.304711
17.752203
-11.410827
6.940258
45.804818
93.611148
62.227286
114.533723
122.423521
111.085589
188.990037
306.285030
271.979021
79.409512
147.963088
186.652319
227.211724
11.791023
30.960309
82.097887
40.194295
99.455443
-77.685128
-56.178124
-66.522526
-60.970446
-75.347410
-57.989855
2.907695
-26.313778
-37.710153
-121.692667
-103.633797
-66.580968
-61.204217
-18.131766
-0.131338
-26.196892
-72.775921
-223.500280
-132.913713
-42.034931
18.044418
18.921062
8.226003
-157.342864
-105.913071
-7.553592
39.434537
35.752631
-61.788647
15.472928
53.460844
-4.456116
127.157399
198.457794
205.412505
197.113606
65.441648
207.399565
249.770701
139.138203
235.393736
234.400206
73.331445
128.384701
160.002335
-36.658180
36.746161
-27.950181
51.707555
38.966993
-32.976274
-40.690743
7.992231
7.466245
-10.592626
-34.320462
-16.436920
-7.728921
12.550781
-8.371794
-250.910022
-116.315916
-32.976274
0.862192
28.330377
16.349573
-61.321103
-6.384734
38.791664
-71.314847
62.402614
-85.984027
244.686165
57.084306
125.462554
219.847912
186.652319
195.944747
277.940201
205.470948
32.947369
56.441434
13.427425
62.636386
75.727606
13.018325
40.954053
59.772682
92.033188
19.680821
-52.963762
18.044418
43.583986
33.239584
-195.213894
-6.560062
49.369837
-12.755015
-39.521884
256.199425
234.575535
115.235038
182.795084
250.939560
223.412932
240.127615
211.665900
136.157613
-95.802442
79.760170
15.356043
84.318719
18.979505
-147.758221
40.603395
65.441648
-241.266936
284.310482
33.531799
357.656380
247.608312
134.170553
287.291073
225.867536
98.403470
219.555698
-43.496005
-279.137965
160.236107
-174.934191
-190.363129
254.796794
239.952286
116.053239
237.263910
241.997789
189.457580
48.434750
-41.392059
233.056018
221.659644
47.441220
60.298668
125.170339
214.938705
99.689214
-63.483492
204.418975
172.801340
-2.527499
-85.633369
129.495117
158.775033
207.165793
-12.755015
154.333369
204.126760
24.823800
186.067889
55.038803
-110.588507
132.534150
168.242791
24.064042
-71.314847
119.033830
108.689428
162.573825
-30.112570
100.448973
57.318078
212.659430
-53.489748
96.883953
154.391812
147.612431
109.566072
84.260276
139.138203
40.428067
-50.801373
86.714880
121.897534
5.245413
0.803749
84.903149
26.869303
116.345454
-33.034717
187.587406
60.298668
134.521211
-11.177055
89.637028
73.214560
63.045487
85.487578
6.998701
-19.943497
54.454374
72.571687
-11.177055
69.474211
102.903576
199.275995
42.707342
60.181783
9.336419
34.466886
76.078264
26.109545
88.994155
1.329735
44.051529
123.417051
51.882884
-7.904250
102.962019
81.104357
-48.405212
59.655796
42.298241
-191.882646